1	0.1	204.139
1	0.0833333	244.176
1	0.0694444	278.173
1	0.0578704	305.314
1	0.0482253	325.998
1	0.0401878	341.442
1	0.0334898	352.937
1	0.0279082	361.423
1	0.0232568	367.669
1	0.0193807	372.267
1	0.0161506	375.629
1	0.0134588	378.08
1	0.0112157	379.874
1	0.00934639	381.19
1	0.00778866	382.152
1	0.00649055	382.857
1	0.00540879	383.373
1	0.00450732	383.752
1	0.0037561	384.03
1	0.00313009	384.235
1	0.00260841	384.385
1	0.00217367	384.494
1	0.00181139	384.574
1	0.00150949	384.632
1	0.00125791	384.675
1	0.00104826	384.705
1	0.00087355	384.728
1	0.000727958	384.744
1	0.000606632	384.755
1	0.000505526	384.764
1	0.000421272	384.77
1	0.00035106	384.774
1	0.00029255	384.777
1	0.000243792	384.779
1	0.00020316	384.781
1	0.0001693	384.782
1	0.000141083	384.783
1	0.000117569	384.783
0.833333	0.1	163.392
0.833333	0.0833333	210.26
0.833333	0.0694444	250.687
0.833333	0.0578704	284.498
0.833333	0.0482253	310.832
0.833333	0.0401878	330.541
0.833333	0.0334898	345.091
0.833333	0.0279082	355.832
0.833333	0.0232568	363.671
0.833333	0.0193807	369.398
0.833333	0.0161506	373.587
0.833333	0.0134588	376.621
0.833333	0.0112157	378.821
0.833333	0.00934639	380.428
0.833333	0.00778866	381.601
0.833333	0.00649055	382.457
0.833333	0.00540879	383.083
0.833333	0.00450732	383.54
0.833333	0.0037561	383.876
0.833333	0.00313009	384.122
0.833333	0.00260841	384.303
0.833333	0.00217367	384.435
0.833333	0.00181139	384.532
0.833333	0.00150949	384.602
0.833333	0.00125791	384.653
0.833333	0.00104826	384.689
0.833333	0.00087355	384.716
0.833333	0.000727958	384.735
0.833333	0.000606632	384.749
0.833333	0.000505526	384.76
0.833333	0.000421272	384.767
0.833333	0.00035106	384.772
0.833333	0.00029255	384.776
0.833333	0.000243792	384.778
0.833333	0.00020316	384.78
0.833333	0.0001693	384.782
0.833333	0.000141083	384.783
0.833333	0.000117569	384.783
0.694444	0.1	116.128
0.694444	0.0833333	170.785
0.694444	0.0694444	217.892
0.694444	0.0578704	258.201
0.694444	0.0482253	291.268
0.694444	0.0401878	316.476
0.694444	0.0334898	335.028
0.694444	0.0279082	348.638
0.694444	0.0232568	358.596
0.694444	0.0193807	365.785
0.694444	0.0161506	371.011
0.694444	0.0134588	374.802
0.694444	0.0112157	377.523
0.694444	0.00934639	379.492
0.694444	0.00778866	380.928
0.694444	0.00649055	381.971
0.694444	0.00540879	382.73
0.694444	0.00450732	383.285
0.694444	0.0037561	383.69
0.694444	0.00313009	383.986
0.694444	0.00260841	384.204
0.694444	0.00217367	384.364
0.694444	0.00181139	384.48
0.694444	0.00150949	384.565
0.694444	0.00125791	384.626
0.694444	0.00104826	384.67
0.694444	0.00087355	384.702
0.694444	0.000727958	384.726
0.694444	0.000606632	384.742
0.694444	0.000505526	384.755
0.694444	0.000421272	384.763
0.694444	0.00035106	384.77
0.694444	0.00029255	384.774
0.694444	0.000243792	384.777
0.694444	0.00020316	384.78
0.694444	0.0001693	384.781
0.694444	0.000141083	384.782
0.694444	0.000117569	384.783
0.578704	0.1	72.0466
0.578704	0.0833333	124.582
0.578704	0.0694444	180.026
0.578704	0.0578704	226.729
0.578704	0.0482253	266.518
0.578704	0.0401878	298.285
0.578704	0.0334898	322.099
0.578704	0.0279082	339.402
0.578704	0.0232568	352.059
0.578704	0.0193807	361.206
0.578704	0.0161506	367.756
0.578704	0.0134588	372.507
0.578704	0.0112157	375.91
0.578704	0.00934639	378.341
0.578704	0.00778866	380.099
0.578704	0.00649055	381.377
0.578704	0.00540879	382.302
0.578704	0.00450732	382.974
0.578704	0.0037561	383.464
0.578704	0.00313009	383.822
0.578704	0.00260841	384.085
0.578704	0.00217367	384.278
0.578704	0.00181139	384.418
0.578704	0.00150949	384.52
0.578704	0.00125791	384.594
0.578704	0.00104826	384.647
0.578704	0.00087355	384.686
0.578704	0.000727958	384.714
0.578704	0.000606632	384.734
0.578704	0.000505526	384.749
0.578704	0.000421272	384.759
0.578704	0.00035106	384.767
0.578704	0.00029255	384.772
0.578704	0.000243792	384.776
0.578704	0.00020316	384.779
0.578704	0.0001693	384.781
0.578704	0.000141083	384.782
0.578704	0.000117569	384.783
0.482253	0.1	49.1712
0.482253	0.0833333	76.9259
0.482253	0.0694444	136.003
0.482253	0.0578704	190.66
0.482253	0.0482253	236.475
0.482253	0.0401878	275.317
0.482253	0.0334898	305.412
0.482253	0.0279082	327.582
0.482253	0.0232568	343.626
0.482253	0.0193807	355.319
0.482253	0.0161506	363.649
0.482253	0.0134588	369.586
0.482253	0.0112157	373.88
0.482253	0.00934639	376.913
0.482253	0.00778866	379.08
0.482253	0.00649055	380.646
0.482253	0.00540879	381.778
0.482253	0.00450732	382.597
0.482253	0.0037561	383.191
0.482253	0.00313009	383.624
0.482253	0.00260841	383.94
0.482253	0.00217367	384.172
0.482253	0.00181139	384.343
0.482253	0.00150949	384.466
0.482253	0.00125791	384.556
0.482253	0.00104826	384.62
0.482253	0.00087355	384.666
0.482253	0.000727958	384.7
0.482253	0.000606632	384.724
0.482253	0.000505526	384.741
0.482253	0.000421272	384.754
0.482253	0.00035106	384.763
0.482253	0.00029255	384.77
0.482253	0.000243792	384.774
0.482253	0.00020316	384.777
0.482253	0.0001693	384.78
0.482253	0.000141083	384.781
0.482253	0.000117569	384.782
0.401878	0.1	41.4731
0.401878	0.0833333	48.5887
0.401878	0.0694444	86.9325
0.401878	0.0578704	149.395
0.401878	0.0482253	202.454
0.401878	0.0401878	247.056
0.401878	0.0334898	284.265
0.401878	0.0279082	312.483
0.401878	0.0232568	332.87
0.401878	0.0193807	347.679
0.401878	0.0161506	358.387
0.401878	0.0134588	365.91
0.401878	0.0112157	371.285
0.401878	0.00934639	375.125
0.401878	0.00778866	377.817
0.401878	0.00649055	379.746
0.401878	0.00540879	381.136
0.401878	0.00450732	382.136
0.401878	0.0037561	382.859
0.401878	0.00313009	383.384
0.401878	0.00260841	383.766
0.401878	0.00217367	384.045
0.401878	0.00181139	384.251
0.401878	0.00150949	384.401
0.401878	0.00125791	384.509
0.401878	0.00104826	384.587
0.401878	0.00087355	384.643
0.401878	0.000727958	384.683
0.401878	0.000606632	384.712
0.401878	0.000505526	384.733
0.401878	0.000421272	384.748
0.401878	0.00035106	384.759
0.401878	0.00029255	384.767
0.401878	0.000243792	384.772
0.401878	0.00020316	384.776
0.401878	0.0001693	384.779
0.401878	0.000141083	384.781
0.401878	0.000117569	384.782
0.334898	0.1	38.4112
0.334898	0.0833333	39.5546
0.334898	0.0694444	50.7101
0.334898	0.0578704	101.516
0.334898	0.0482253	163.879
0.334898	0.0401878	214.99
0.334898	0.0334898	258.254
0.334898	0.0279082	293.169
0.334898	0.0232568	319.264
0.334898	0.0193807	337.939
0.334898	0.0161506	351.55
0.334898	0.0134588	361.244
0.334898	0.0112157	367.986
0.334898	0.00934639	372.85
0.334898	0.00778866	376.241
0.334898	0.00649055	378.633
0.334898	0.00540879	380.343
0.334898	0.00450732	381.573
0.334898	0.0037561	382.455
0.334898	0.00313009	383.093
0.334898	0.00260841	383.556
0.334898	0.00217367	383.892
0.334898	0.00181139	384.138
0.334898	0.00150949	384.321
0.334898	0.00125791	384.452
0.334898	0.00104826	384.546
0.334898	0.00087355	384.614
0.334898	0.000727958	384.663
0.334898	0.000606632	384.697
0.334898	0.000505526	384.723
0.334898	0.000421272	384.741
0.334898	0.00035106	384.754
0.334898	0.00029255	384.763
0.334898	0.000243792	384.77
0.334898	0.00020316	384.774
0.334898	0.0001693	384.778
0.334898	0.000141083	384.78
0.334898	0.000117569	384.782
0.279082	0.1	37.2278
0.279082	0.0833333	36.5393
0.279082	0.0694444	38.6327
0.279082	0.0578704	56.3823
0.279082	0.0482253	118.331
0.279082	0.0401878	178.983
0.279082	0.0334898	227.951
0.279082	0.0279082	269.531
0.279082	0.0232568	301.968
0.279082	0.0193807	325.649
0.279082	0.0161506	342.783
0.279082	0.0134588	355.194
0.279082	0.0112157	363.873
0.279082	0.00934639	369.902
0.279082	0.00778866	374.265
0.279082	0.00649055	377.241
0.279082	0.00540879	379.368
0.279082	0.00450732	380.88
0.279082	0.0037561	381.96
0.279082	0.00313009	382.738
0.279082	0.00260841	383.3
0.279082	0.00217367	383.708
0.279082	0.00181139	384.004
0.279082	0.00150949	384.222
0.279082	0.00125791	384.383
0.279082	0.00104826	384.498
0.279082	0.00087355	384.579
0.279082	0.000727958	384.638
0.279082	0.000606632	384.68
0.279082	0.000505526	384.71
0.279082	0.000421272	384.732
0.279082	0.00035106	384.747
0.279082	0.00029255	384.759
0.279082	0.000243792	384.767
0.279082	0.00020316	384.772
0.279082	0.0001693	384.776
0.279082	0.000141083	384.779
0.279082	0.000117569	384.781
0.232568	0.1	37.4585
0.232568	0.0833333	35.5939
0.232568	0.0694444	35.4959
0.232568	0.0578704	38.5342
0.232568	0.0482253	62.188
0.232568	0.0401878	136.359
0.232568	0.0334898	194.596
0.232568	0.0279082	241.404
0.232568	0.0232568	280.477
0.232568	0.0193807	310.402
0.232568	0.0161506	331.7
0.232568	0.0134588	347.365
0.232568	0.0112157	358.559
0.232568	0.00934639	366.247
0.232568	0.00778866	371.685
0.232568	0.00649055	375.517
0.232568	0.00540879	378.141
0.232568	0.00450732	380.025
0.232568	0.0037561	381.357
0.232568	0.00313009	382.304
0.232568	0.00260841	382.99
0.232568	0.00217367	383.485
0.232568	0.00181139	383.843
0.232568	0.00150949	384.103
0.232568	0.00125791	384.297
0.232568	0.00104826	384.438
0.232568	0.00087355	384.537
0.232568	0.000727958	384.608
0.232568	0.000606632	384.659
0.232568	0.000505526	384.695
0.232568	0.000421272	384.721
0.232568	0.00035106	384.74
0.232568	0.00029255	384.753
0.232568	0.000243792	384.763
0.232568	0.00020316	384.77
0.232568	0.0001693	384.775
0.232568	0.000141083	384.778
0.232568	0.000117569	384.78
0.193807	0.1	39.0414
0.193807	0.0833333	36.1175
0.193807	0.0694444	34.5219
0.193807	0.0578704	35.4845
0.193807	0.0482253	39.2822
0.193807	0.0401878	65.0002
0.193807	0.0334898	151.776
0.193807	0.0279082	209.706
0.193807	0.0232568	255.092
0.193807	0.0193807	291.081
0.193807	0.0161506	318.165
0.193807	0.0134588	337.457
0.193807	0.0112157	351.686
0.193807	0.00934639	361.646
0.193807	0.00778866	368.396
0.193807	0.00649055	373.313
0.193807	0.00540879	376.613
0.193807	0.00450732	378.956
0.193807	0.0037561	380.608
0.193807	0.00313009	381.777
0.193807	0.00260841	382.611
0.193807	0.00217367	383.214
0.193807	0.00181139	383.649
0.193807	0.00150949	383.963
0.193807	0.00125791	384.193
0.193807	0.00104826	384.365
0.193807	0.00087355	384.486
0.193807	0.000727958	384.572
0.193807	0.000606632	384.634
0.193807	0.000505526	384.678
0.193807	0.000421272	384.709
0.193807	0.00035106	384.731
0.193807	0.00029255	384.747
0.193807	0.000243792	384.759
0.193807	0.00020316	384.767
0.193807	0.0001693	384.773
0.193807	0.000141083	384.777
0.193807	0.000117569	384.78
0.161506	0.1	42.1411
0.161506	0.0833333	37.9022
0.161506	0.0694444	35.175
0.161506	0.0578704	34.18
0.161506	0.0482253	36.5809
0.161506	0.0401878	40.7964
0.161506	0.0334898	59.4517
0.161506	0.0279082	159.564
0.161506	0.0232568	224.321
0.161506	0.0193807	268.169
0.161506	0.0161506	301.303
0.161506	0.0134588	325.256
0.161506	0.0112157	342.898
0.161506	0.00934639	355.666
0.161506	0.00778866	364.407
0.161506	0.00649055	370.391
0.161506	0.00540879	374.747
0.161506	0.00450732	377.595
0.161506	0.0037561	379.688
0.161506	0.00313009	381.131
0.161506	0.00260841	382.147
0.161506	0.00217367	382.884
0.161506	0.00181139	383.414
0.161506	0.00150949	383.794
0.161506	0.00125791	384.07
0.161506	0.00104826	384.273
0.161506	0.00087355	384.423
0.161506	0.000727958	384.529
0.161506	0.000606632	384.603
0.161506	0.000505526	384.656
0.161506	0.000421272	384.694
0.161506	0.00035106	384.721
0.161506	0.00029255	384.74
0.161506	0.000243792	384.754
0.161506	0.00020316	384.763
0.161506	0.0001693	384.77
0.161506	0.000141083	384.775
0.161506	0.000117569	384.779
0.134588	0.1	47.1103
0.134588	0.0833333	41.0673
0.134588	0.0694444	37.1105
0.134588	0.0578704	34.6999
0.134588	0.0482253	34.5076
0.134588	0.0401878	38.3003
0.134588	0.0334898	42.6123
0.134588	0.0279082	61.341
0.134588	0.0232568	151.882
0.134588	0.0193807	233.159
0.134588	0.0161506	280.398
0.134588	0.0134588	310.681
0.134588	0.0112157	331.935
0.134588	0.00934639	347.952
0.134588	0.00778866	359.267
0.134588	0.00649055	366.832
0.134588	0.00540879	372.245
0.134588	0.00450732	375.962
0.134588	0.0037561	378.491
0.134588	0.00313009	380.321
0.134588	0.00260841	381.591
0.134588	0.00217367	382.477
0.134588	0.00181139	383.128
0.134588	0.00150949	383.591
0.134588	0.00125791	383.923
0.134588	0.00104826	384.165
0.134588	0.00087355	384.346
0.134588	0.000727958	384.475
0.134588	0.000606632	384.566
0.134588	0.000505526	384.63
0.134588	0.000421272	384.675
0.134588	0.00035106	384.708
0.134588	0.00029255	384.731
0.134588	0.000243792	384.748
0.134588	0.00020316	384.76
0.134588	0.0001693	384.767
0.134588	0.000141083	384.773
0.134588	0.000117569	384.778
0.112157	0.1	54.3378
0.112157	0.0833333	46.004
0.112157	0.0694444	40.2696
0.112157	0.0578704	36.7066
0.112157	0.0482253	35.3051
0.112157	0.0401878	35.5393
0.112157	0.0334898	40.2893
0.112157	0.0279082	45.0728
0.112157	0.0232568	64.4412
0.112157	0.0193807	140.865
0.112157	0.0161506	241.029
0.112157	0.0134588	290.587
0.112157	0.0112157	319.052
0.112157	0.00934639	338.258
0.112157	0.00778866	352.646
0.112157	0.00649055	362.489
0.112157	0.00540879	369.036
0.112157	0.00450732	373.898
0.112157	0.0037561	377.013
0.112157	0.00313009	379.308
0.112157	0.00260841	380.886
0.112157	0.00217367	381.992
0.112157	0.00181139	382.774
0.112157	0.00150949	383.345
0.112157	0.00125791	383.748
0.112157	0.00104826	384.039
0.112157	0.00087355	384.251
0.112157	0.000727958	384.409
0.112157	0.000606632	384.52
0.112157	0.000505526	384.598
0.112157	0.000421272	384.653
0.112157	0.00035106	384.692
0.112157	0.00029255	384.72
0.112157	0.000243792	384.74
0.112157	0.00020316	384.755
0.112157	0.0001693	384.764
0.112157	0.000141083	384.771
0.112157	0.000117569	384.776
0.0934639	0.1	64.0239
0.0934639	0.0833333	53.21
0.0934639	0.0694444	45.0369
0.0934639	0.0578704	39.8332
0.0934639	0.0482253	36.7006
0.0934639	0.0401878	36.0672
0.0934639	0.0334898	38.0012
0.0934639	0.0279082	42.1648
0.0934639	0.0232568	47.6359
0.0934639	0.0193807	67.0697
0.0934639	0.0161506	130.459
0.0934639	0.0134588	240.342
0.0934639	0.0112157	299.151
0.0934639	0.00934639	326.606
0.0934639	0.00778866	344.121
0.0934639	0.00649055	356.854
0.0934639	0.00540879	365.26
0.0934639	0.00450732	371.103
0.0934639	0.0037561	375.303
0.0934639	0.00313009	377.977
0.0934639	0.00260841	380.025
0.0934639	0.00217367	381.39
0.0934639	0.00181139	382.339
0.0934639	0.00150949	383.04
0.0934639	0.00125791	383.538
0.0934639	0.00104826	383.886
0.0934639	0.00087355	384.142
0.0934639	0.000727958	384.329
0.0934639	0.000606632	384.463
0.0934639	0.000505526	384.559
0.0934639	0.000421272	384.626
0.0934639	0.00035106	384.673
0.0934639	0.00029255	384.706
0.0934639	0.000243792	384.731
0.0934639	0.00020316	384.749
0.0934639	0.0001693	384.761
0.0934639	0.000141083	384.769
0.0934639	0.000117569	384.774
0.0778866	0.1	76.28
0.0778866	0.0833333	62.9632
0.0778866	0.0694444	52.0095
0.0778866	0.0578704	44.3566
0.0778866	0.0482253	39.8125
0.0778866	0.0401878	38.1433
0.0778866	0.0334898	37.4106
0.0778866	0.0279082	40.5475
0.0778866	0.0232568	43.9528
0.0778866	0.0193807	50.0984
0.0778866	0.0161506	69.2645
0.0778866	0.0134588	123.977
0.0778866	0.0112157	238
0.0778866	0.00934639	297.159
0.0778866	0.00778866	332.236
0.0778866	0.00649055	349.562
0.0778866	0.00540879	360.557
0.0778866	0.00450732	367.701
0.0778866	0.0037561	372.983
0.0778866	0.00313009	376.442
0.0778866	0.00260841	378.881
0.0778866	0.00217367	380.625
0.0778866	0.00181139	381.831
0.0778866	0.00150949	382.654
0.0778866	0.00125791	383.277
0.0778866	0.00104826	383.709
0.0778866	0.00087355	384.011
0.0778866	0.000727958	384.235
0.0778866	0.000606632	384.396
0.0778866	0.000505526	384.511
0.0778866	0.000421272	384.594
0.0778866	0.00035106	384.651
0.0778866	0.00029255	384.69
0.0778866	0.000243792	384.719
0.0778866	0.00020316	384.74
0.0778866	0.0001693	384.756
0.0778866	0.000141083	384.767
0.0778866	0.000117569	384.772
0.0649055	0.1	91.8769
0.0649055	0.0833333	75.1922
0.0649055	0.0694444	61.7915
0.0649055	0.0578704	50.8573
0.0649055	0.0482253	44.1072
0.0649055	0.0401878	40.1991
0.0649055	0.0334898	39.0919
0.0649055	0.0279082	39.4526
0.0649055	0.0232568	40.9607
0.0649055	0.0193807	46.1073
0.0649055	0.0161506	52.6153
0.0649055	0.0134588	71.6875
0.0649055	0.0112157	120.477
0.0649055	0.00934639	225.269
0.0649055	0.00778866	296.099
0.0649055	0.00649055	337.646
0.0649055	0.00540879	354.491
0.0649055	0.00450732	363.716
0.0649055	0.0037561	369.967
0.0649055	0.00313009	374.621
0.0649055	0.00260841	377.47
0.0649055	0.00217367	379.698
0.0649055	0.00181139	381.176
0.0649055	0.00150949	382.207
0.0649055	0.00125791	382.943
0.0649055	0.00104826	383.487
0.0649055	0.00087355	383.853
0.0649055	0.000727958	384.124
0.0649055	0.000606632	384.318
0.0649055	0.000505526	384.452
0.0649055	0.000421272	384.553
0.0649055	0.00035106	384.624
0.0649055	0.00029255	384.672
0.0649055	0.000243792	384.705
0.0649055	0.00020316	384.73
0.0649055	0.0001693	384.749
0.0649055	0.000141083	384.763
0.0649055	0.000117569	384.771
0.0540879	0.1	112.76
0.0540879	0.0833333	90.3374
0.0540879	0.0694444	74.3422
0.0540879	0.0578704	60.1227
0.0540879	0.0482253	50.0806
0.0540879	0.0401878	44.3183
0.0540879	0.0334898	40.9644
0.0540879	0.0279082	41.0178
0.0540879	0.0232568	41.6037
0.0540879	0.0193807	43.3706
0.0540879	0.0161506	48.2621
0.0540879	0.0134588	53.7453
0.0540879	0.0112157	72.8551
0.0540879	0.00934639	118.268
0.0540879	0.00778866	206.208
0.0540879	0.00649055	288.817
0.0540879	0.00540879	339.602
0.0540879	0.00450732	358.765
0.0540879	0.0037561	366.437
0.0540879	0.00313009	372.063
0.0540879	0.00260841	375.919
0.0540879	0.00217367	378.447
0.0540879	0.00181139	380.362
0.0540879	0.00150949	381.664
0.0540879	0.00125791	382.529
0.0540879	0.00104826	383.202
0.0540879	0.00087355	383.673
0.0540879	0.000727958	383.984
0.0540879	0.000606632	384.225
0.0540879	0.000505526	384.39
0.0540879	0.000421272	384.501
0.0540879	0.00035106	384.59
0.0540879	0.00029255	384.65
0.0540879	0.000243792	384.69
0.0540879	0.00020316	384.718
0.0540879	0.0001693	384.739
0.0540879	0.000141083	384.757
0.0540879	0.000117569	384.769
0.0450732	0.1	141.891
0.0450732	0.0833333	109.769
0.0450732	0.0694444	88.7505
0.0450732	0.0578704	72.9866
0.0450732	0.0482253	58.4922
0.0450732	0.0401878	49.8574
0.0450732	0.0334898	44.9486
0.0450732	0.0279082	42.1591
0.0450732	0.0232568	43.078
0.0450732	0.0193807	43.4499
0.0450732	0.0161506	45.4796
0.0450732	0.0134588	47.7393
0.0450732	0.0112157	55.8852
0.0450732	0.00934639	75.5911
0.0450732	0.00778866	114.422
0.0450732	0.00649055	188.095
0.0450732	0.00540879	281.709
0.0450732	0.00450732	336.136
0.0450732	0.0037561	359.981
0.0450732	0.00313009	368.917
0.0450732	0.00260841	373.923
0.0450732	0.00217367	377.013
0.0450732	0.00181139	379.362
0.0450732	0.00150949	380.968
0.0450732	0.00125791	382.079
0.0450732	0.00104826	382.837
0.0450732	0.00087355	383.43
0.0450732	0.000727958	383.823
0.0450732	0.000606632	384.106
0.0450732	0.000505526	384.315
0.0450732	0.000421272	384.445
0.0450732	0.00035106	384.546
0.0450732	0.00029255	384.622
0.0450732	0.000243792	384.672
0.0450732	0.00020316	384.704
0.0450732	0.0001693	384.728
0.0450732	0.000141083	384.748
0.0450732	0.000117569	384.764
0.037561	0.1	182.735
0.037561	0.0833333	136.079
0.037561	0.0694444	106.452
0.037561	0.0578704	88.8912
0.037561	0.0482253	70.4337
0.037561	0.0401878	57.422
0.037561	0.0334898	50.1088
0.037561	0.0279082	46.0434
0.037561	0.0232568	43.8575
0.037561	0.0193807	45.88
0.037561	0.0161506	44.9422
0.037561	0.0134588	47.5444
0.037561	0.0112157	47.4021
0.037561	0.00934639	57.9377
0.037561	0.00778866	75.4313
0.037561	0.00649055	103.506
0.037561	0.00540879	170.597
0.037561	0.00450732	268.524
0.037561	0.0037561	327.396
0.037561	0.00313009	359.657
0.037561	0.00260841	371.187
0.037561	0.00217367	375.447
0.037561	0.00181139	378.05
0.037561	0.00150949	380.121
0.037561	0.00125791	381.51
0.037561	0.00104826	382.416
0.037561	0.00087355	383.12
0.037561	0.000727958	383.632
0.037561	0.000606632	383.955
0.037561	0.000505526	384.214
0.037561	0.000421272	384.394
0.037561	0.00035106	384.493
0.037561	0.00029255	384.585
0.037561	0.000243792	384.649
0.037561	0.00020316	384.691
0.037561	0.0001693	384.717
0.037561	0.000141083	384.738
0.037561	0.000117569	384.756
0.0313009	0.1	231.728
0.0313009	0.0833333	175.664
0.0313009	0.0694444	130.342
0.0313009	0.0578704	105.525
0.0313009	0.0482253	87.2889
0.0313009	0.0401878	68.0092
0.0313009	0.0334898	56.9985
0.0313009	0.0279082	50.7982
0.0313009	0.0232568	47.6828
0.0313009	0.0193807	46.0091
0.0313009	0.0161506	48.1149
0.0313009	0.0134588	46.9887
0.0313009	0.0112157	43.9158
0.0313009	0.00934639	48.7537
0.0313009	0.00778866	58.487
0.0313009	0.00649055	75.0688
0.0313009	0.00540879	96.6696
0.0313009	0.00450732	159.204
0.0313009	0.0037561	245.723
0.0313009	0.00313009	313.17
0.0313009	0.00260841	358.162
0.0313009	0.00217367	373.236
0.0313009	0.00181139	376.627
0.0313009	0.00150949	379.052
0.0313009	0.00125791	380.792
0.0313009	0.00104826	381.971
0.0313009	0.00087355	382.73
0.0313009	0.000727958	383.366
0.0313009	0.000606632	383.795
0.0313009	0.000505526	384.086
0.0313009	0.000421272	384.31
0.0313009	0.00035106	384.449
0.0313009	0.00029255	384.538
0.0313009	0.000243792	384.619
0.0313009	0.00020316	384.674
0.0313009	0.0001693	384.705
0.0313009	0.000141083	384.728
0.0313009	0.000117569	384.747
0.0260841	0.1	270.516
0.0260841	0.0833333	233.073
0.0260841	0.0694444	163.564
0.0260841	0.0578704	125.438
0.0260841	0.0482253	107.255
0.0260841	0.0401878	83.5
0.0260841	0.0334898	66.3567
0.0260841	0.0279082	56.8955
0.0260841	0.0232568	52.2306
0.0260841	0.0193807	49.9703
0.0260841	0.0161506	48.5005
0.0260841	0.0134588	49.8323
0.0260841	0.0112157	48.4456
0.0260841	0.00934639	42.811
0.0260841	0.00778866	50.4003
0.0260841	0.00649055	58.5813
0.0260841	0.00540879	71.9366
0.0260841	0.00450732	93.8366
0.0260841	0.0037561	145.49
0.0260841	0.00313009	222.334
0.0260841	0.00260841	297.739
0.0260841	0.00217367	347.452
0.0260841	0.00181139	370.544
0.0260841	0.00150949	377.717
0.0260841	0.00125791	379.91
0.0260841	0.00104826	381.395
0.0260841	0.00087355	382.335
0.0260841	0.000727958	383.035
0.0260841	0.000606632	383.583
0.0260841	0.000505526	383.928
0.0260841	0.000421272	384.201
0.0260841	0.00035106	384.398
0.0260841	0.00029255	384.488
0.0260841	0.000243792	384.58
0.0260841	0.00020316	384.648
0.0260841	0.0001693	384.694
0.0260841	0.000141083	384.717
0.0260841	0.000117569	384.737
0.0217367	0.1	303.642
0.0217367	0.0833333	294.76
0.0217367	0.0694444	220.602
0.0217367	0.0578704	153.457
0.0217367	0.0482253	126.657
0.0217367	0.0401878	106.136
0.0217367	0.0334898	79.722
0.0217367	0.0279082	65.0778
0.0217367	0.0232568	57.284
0.0217367	0.0193807	54.0446
0.0217367	0.0161506	52.6251
0.0217367	0.0134588	50.3452
0.0217367	0.0112157	50.8826
0.0217367	0.00934639	40.3836
0.0217367	0.00778866	41.6201
0.0217367	0.00649055	50.2457
0.0217367	0.00540879	58.4228
0.0217367	0.00450732	71.7284
0.0217367	0.0037561	88.6664
0.0217367	0.00313009	129.856
0.0217367	0.00260841	204.254
0.0217367	0.00217367	282.033
0.0217367	0.00181139	338.252
0.0217367	0.00150949	367.523
0.0217367	0.00125791	378.772
0.0217367	0.00104826	380.634
0.0217367	0.00087355	381.898
0.0217367	0.000727958	382.639
0.0217367	0.000606632	383.306
0.0217367	0.000505526	383.762
0.0217367	0.000421272	384.065
0.0217367	0.00035106	384.304
0.0217367	0.00029255	384.464
0.0217367	0.000243792	384.533
0.0217367	0.00020316	384.615
0.0217367	0.0001693	384.673
0.0217367	0.000141083	384.709
0.0217367	0.000117569	384.728
0.0181139	0.1	338.015
0.0181139	0.0833333	334.254
0.0181139	0.0694444	303.222
0.0181139	0.0578704	196.855
0.0181139	0.0482253	150.292
0.0181139	0.0401878	130.261
0.0181139	0.0334898	100.857
0.0181139	0.0279082	76.6808
0.0181139	0.0232568	64.3025
0.0181139	0.0193807	59.636
0.0181139	0.0161506	56.9269
0.0181139	0.0134588	55.5162
0.0181139	0.0112157	51.9149
0.0181139	0.00934639	52.7591
0.0181139	0.00778866	39.2665
0.0181139	0.00649055	41.7
0.0181139	0.00540879	49.8671
0.0181139	0.00450732	58.067
0.0181139	0.0037561	68.7583
0.0181139	0.00313009	81.4637
0.0181139	0.00260841	115.652
0.0181139	0.00217367	181.917
0.0181139	0.00181139	249.46
0.0181139	0.00150949	320.018
0.0181139	0.00125791	361.582
0.0181139	0.00104826	377.007
0.0181139	0.00087355	381.299
0.0181139	0.000727958	382.287
0.0181139	0.000606632	382.953
0.0181139	0.000505526	383.535
0.0181139	0.000421272	383.904
0.0181139	0.00035106	384.188
0.0181139	0.00029255	384.395
0.0181139	0.000243792	384.491
0.0181139	0.00020316	384.575
0.0181139	0.0001693	384.646
0.0181139	0.000141083	384.695
0.0181139	0.000117569	384.719
0.0150949	0.1	374.823
0.0150949	0.0833333	371.743
0.0150949	0.0694444	367.446
0.0150949	0.0578704	289.795
0.0150949	0.0482253	183.094
0.0150949	0.0401878	153.655
0.0150949	0.0334898	132.237
0.0150949	0.0279082	95.095
0.0150949	0.0232568	73.519
0.0150949	0.0193807	66.547
0.0150949	0.0161506	62.7972
0.0150949	0.0134588	60.2459
0.0150949	0.0112157	57.2529
0.0150949	0.00934639	55.6352
0.0150949	0.00778866	58.0181
0.0150949	0.00649055	40.1743
0.0150949	0.00540879	41.2911
0.0150949	0.00450732	47.0244
0.0150949	0.0037561	56.4
0.0150949	0.00313009	66.5726
0.0150949	0.00260841	78.4065
0.0150949	0.00217367	105.849
0.0150949	0.00181139	164.778
0.0150949	0.00150949	224.674
0.0150949	0.00125791	298.026
0.0150949	0.00104826	349.982
0.0150949	0.00087355	372.415
0.0150949	0.000727958	381.868
0.0150949	0.000606632	382.575
0.0150949	0.000505526	383.248
0.0150949	0.000421272	383.716
0.0150949	0.00035106	384.046
0.0150949	0.00029255	384.296
0.0150949	0.000243792	384.474
0.0150949	0.00020316	384.53
0.0150949	0.0001693	384.611
0.0150949	0.000141083	384.672
0.0150949	0.000117569	384.713
0.0125791	0.1	414.396
0.0125791	0.0833333	411.847
0.0125791	0.0694444	408.64
0.0125791	0.0578704	400.328
0.0125791	0.0482253	271.009
0.0125791	0.0401878	183.621
0.0125791	0.0334898	159.547
0.0125791	0.0279082	126.247
0.0125791	0.0232568	88.5082
0.0125791	0.0193807	75.2929
0.0125791	0.0161506	69.9433
0.0125791	0.0134588	66.5583
0.0125791	0.0112157	63.4476
0.0125791	0.00934639	59.7507
0.0125791	0.00778866	62.2243
0.0125791	0.00649055	40.3897
0.0125791	0.00540879	39.1716
0.0125791	0.00450732	41.9104
0.0125791	0.0037561	45.6742
0.0125791	0.00313009	55.5448
0.0125791	0.00260841	62.4451
0.0125791	0.00217367	74.4379
0.0125791	0.00181139	93.2869
0.0125791	0.00150949	143.077
0.0125791	0.00125791	196.83
0.0125791	0.00104826	265.374
0.0125791	0.00087355	329.957
0.0125791	0.000727958	365.785
0.0125791	0.000606632	379.895
0.0125791	0.000505526	382.887
0.0125791	0.000421272	383.496
0.0125791	0.00035106	383.882
0.0125791	0.00029255	384.175
0.0125791	0.000243792	384.392
0.0125791	0.00020316	384.509
0.0125791	0.0001693	384.572
0.0125791	0.000141083	384.644
0.0125791	0.000117569	384.694
0.0104826	0.1	456.955
0.0104826	0.0833333	454.837
0.0104826	0.0694444	452.209
0.0104826	0.0578704	448.907
0.0104826	0.0482253	419.265
0.0104826	0.0401878	231.439
0.0104826	0.0334898	189.161
0.0104826	0.0279082	166.468
0.0104826	0.0232568	118.384
0.0104826	0.0193807	86.5925
0.0104826	0.0161506	78.8927
0.0104826	0.0134588	74.1582
0.0104826	0.0112157	70.8972
0.0104826	0.00934639	64.8905
0.0104826	0.00778866	66.778
0.0104826	0.00649055	68.1948
0.0104826	0.00540879	41.9579
0.0104826	0.00450732	39.6019
0.0104826	0.0037561	41.9654
0.0104826	0.00313009	43.6214
0.0104826	0.00260841	49.7726
0.0104826	0.00217367	59.7213
0.0104826	0.00181139	66.3084
0.0104826	0.00150949	85.5058
0.0104826	0.00125791	127.59
0.0104826	0.00104826	175.644
0.0104826	0.00087355	233.343
0.0104826	0.000727958	305.512
0.0104826	0.000606632	352.781
0.0104826	0.000505526	374.653
0.0104826	0.000421272	383.191
0.0104826	0.00035106	383.674
0.0104826	0.00029255	384.028
0.0104826	0.000243792	384.284
0.0104826	0.00020316	384.474
0.0104826	0.0001693	384.531
0.0104826	0.000141083	384.609
0.0104826	0.000117569	384.671
0.0087355	0.1	502.616
0.0087355	0.0833333	500.868
0.0087355	0.0694444	498.709
0.0087355	0.0578704	496.035
0.0087355	0.0482253	492.679
0.0087355	0.0401878	421.877
0.0087355	0.0334898	230.321
0.0087355	0.0279082	197.84
0.0087355	0.0232568	169.413
0.0087355	0.0193807	107.643
0.0087355	0.0161506	90.3427
0.0087355	0.0134588	83.5829
0.0087355	0.0112157	79.1765
0.0087355	0.00934639	72.7789
0.0087355	0.00778866	70.7128
0.0087355	0.00649055	73.2516
0.0087355	0.00540879	74.5981
0.0087355	0.00450732	42.2656
0.0087355	0.0037561	40.4776
0.0087355	0.00313009	39.8212
0.0087355	0.00260841	43.0425
0.0087355	0.00217367	47.8713
0.0087355	0.00181139	56.082
0.0087355	0.00150949	61.2271
0.0087355	0.00125791	77.741
0.0087355	0.00104826	107.394
0.0087355	0.00087355	151.006
0.0087355	0.000727958	202.023
0.0087355	0.000606632	265.104
0.0087355	0.000505526	329.973
0.0087355	0.000421272	367.257
0.0087355	0.00035106	379.446
0.0087355	0.00029255	383.857
0.0087355	0.000243792	384.162
0.0087355	0.00020316	384.389
0.0087355	0.0001693	384.53
0.0087355	0.000141083	384.569
0.0087355	0.000117569	384.641
0.00727958	0.1	551.386
0.00727958	0.0833333	549.947
0.00727958	0.0694444	548.19
0.00727958	0.0578704	546.022
0.00727958	0.0482253	543.339
0.00727958	0.0401878	539.978
0.00727958	0.0334898	418.85
0.00727958	0.0279082	239.079
0.00727958	0.0232568	209.235
0.00727958	0.0193807	159.828
0.00727958	0.0161506	106.249
0.00727958	0.0134588	96.0442
0.00727958	0.0112157	89.8426
0.00727958	0.00934639	85.5413
0.00727958	0.00778866	76.08
0.00727958	0.00649055	79.8731
0.00727958	0.00540879	80.4508
0.00727958	0.00450732	81.1736
0.00727958	0.0037561	43.9926
0.00727958	0.00313009	41.6628
0.00727958	0.00260841	40.3951
0.00727958	0.00217367	41.8916
0.00727958	0.00181139	45.4804
0.00727958	0.00150949	49.3398
0.00727958	0.00125791	57.0877
0.00727958	0.00104826	71.4929
0.00727958	0.00087355	95.2288
0.00727958	0.000727958	129.729
0.00727958	0.000606632	172.575
0.00727958	0.000505526	226.3
0.00727958	0.000421272	290.032
0.00727958	0.00035106	345.707
0.00727958	0.00029255	373.192
0.00727958	0.000243792	384.012
0.00727958	0.00020316	384.274
0.00727958	0.0001693	384.474
0.00727958	0.000141083	384.535
0.00727958	0.000117569	384.607
0.00606632	0.1	603.1
0.00606632	0.0833333	601.932
0.00606632	0.0694444	600.508
0.00606632	0.0578704	598.763
0.00606632	0.0482253	596.628
0.00606632	0.0401878	593.975
0.00606632	0.0334898	590.669
0.00606632	0.0279082	425.994
0.00606632	0.0232568	251.968
0.00606632	0.0193807	223.59
0.00606632	0.0161506	149.507
0.00606632	0.0134588	111.417
0.00606632	0.0112157	102.21
0.00606632	0.00934639	96.2882
0.00606632	0.00778866	85.0207
0.00606632	0.00649055	86.2726
0.00606632	0.00540879	86.9287
0.00606632	0.00450732	87.3212
0.00606632	0.0037561	88.2693
0.00606632	0.00313009	46.8317
0.00606632	0.00260841	45.8301
0.00606632	0.00217367	43.555
0.00606632	0.00181139	42.8608
0.00606632	0.00150949	41.7888
0.00606632	0.00125791	42.2317
0.00606632	0.00104826	52.9219
0.00606632	0.00087355	65.3666
0.00606632	0.000727958	85.2541
0.00606632	0.000606632	111.41
0.00606632	0.000505526	148.226
0.00606632	0.000421272	190.335
0.00606632	0.00035106	246.164
0.00606632	0.00029255	317.43
0.00606632	0.000243792	359.751
0.00606632	0.00020316	376.778
0.00606632	0.0001693	384.382
0.00606632	0.000141083	384.538
0.00606632	0.000117569	384.569
0.00505526	0.1	657.403
0.00505526	0.0833333	656.465
0.00505526	0.0694444	655.338
0.00505526	0.0578704	653.955
0.00505526	0.0482253	652.262
0.00505526	0.0401878	650.191
0.00505526	0.0334898	647.624
0.00505526	0.0279082	644.431
0.00505526	0.0232568	459.734
0.00505526	0.0193807	269.083
0.00505526	0.0161506	241.271
0.00505526	0.0134588	140.367
0.00505526	0.0112157	118.815
0.00505526	0.00934639	110.385
0.00505526	0.00778866	100.976
0.00505526	0.00649055	85.0964
0.00505526	0.00540879	87.8572
0.00505526	0.00450732	87.8259
0.00505526	0.0037561	95.3277
0.00505526	0.00313009	96.2359
0.00505526	0.00260841	49.2111
0.00505526	0.00217367	48.8395
0.00505526	0.00181139	45.7872
0.00505526	0.00150949	42.6234
0.00505526	0.00125791	41.6093
0.00505526	0.00104826	36.8586
0.00505526	0.00087355	47.973
0.00505526	0.000727958	57.1321
0.00505526	0.000606632	71.7366
0.00505526	0.000505526	93.5646
0.00505526	0.000421272	120.333
0.00505526	0.00035106	161.509
0.00505526	0.00029255	207.81
0.00505526	0.000243792	262.861
0.00505526	0.00020316	333.865
0.00505526	0.0001693	368.441
0.00505526	0.000141083	381.578
0.00505526	0.000117569	384.54
0.00421272	0.1	713.764
0.00421272	0.0833333	713.027
0.00421272	0.0694444	712.134
0.00421272	0.0578704	711.06
0.00421272	0.0482253	709.744
0.00421272	0.0401878	708.135
0.00421272	0.0334898	706.168
0.00421272	0.0279082	703.735
0.00421272	0.0232568	700.715
0.00421272	0.0193807	570.396
0.00421272	0.0161506	294.69
0.00421272	0.0134588	262.629
0.00421272	0.0112157	144.114
0.00421272	0.00934639	129.173
0.00421272	0.00778866	120.198
0.00421272	0.00649055	96.2275
0.00421272	0.00540879	96.196
0.00421272	0.00450732	96.0693
0.00421272	0.0037561	95.7792
0.00421272	0.00313009	104.701
0.00421272	0.00260841	104.592
0.00421272	0.00217367	53.4097
0.00421272	0.00181139	51.9415
0.00421272	0.00150949	47.9798
0.00421272	0.00125791	44.4785
0.00421272	0.00104826	44.1689
0.00421272	0.00087355	36.3669
0.00421272	0.000727958	46.5478
0.00421272	0.000606632	54.4199
0.00421272	0.000505526	60.6859
0.00421272	0.000421272	77.315
0.00421272	0.00035106	97.2945
0.00421272	0.00029255	128.008
0.00421272	0.000243792	169.344
0.00421272	0.00020316	217.835
0.00421272	0.0001693	281.031
0.00421272	0.000141083	339.919
0.00421272	0.000117569	371.254
0.0035106	0.1	771.45
0.0035106	0.0833333	770.882
0.0035106	0.0694444	770.196
0.0035106	0.0578704	769.363
0.0035106	0.0482253	768.363
0.0035106	0.0401878	767.138
0.0035106	0.0334898	765.643
0.0035106	0.0279082	763.809
0.0035106	0.0232568	761.562
0.0035106	0.0193807	758.77
0.0035106	0.0161506	753.142
0.0035106	0.0134588	328.813
0.0035106	0.0112157	293.117
0.0035106	0.00934639	161.138
0.0035106	0.00778866	147.698
0.0035106	0.00649055	123.062
0.0035106	0.00540879	101.363
0.0035106	0.00450732	114.353
0.0035106	0.0037561	114.039
0.0035106	0.00313009	114.113
0.0035106	0.00260841	114.391
0.0035106	0.00217367	113.223
0.0035106	0.00181139	66.0435
0.0035106	0.00150949	59.9315
0.0035106	0.00125791	54.5039
0.0035106	0.00104826	51.7698
0.0035106	0.00087355	50.4733
0.0035106	0.000727958	37.6269
0.0035106	0.000606632	44.7794
0.0035106	0.000505526	51.5332
0.0035106	0.000421272	61.8547
0.0035106	0.00035106	74.2992
0.0035106	0.00029255	92.2631
0.0035106	0.000243792	116.834
0.0035106	0.00020316	149.023
0.0035106	0.0001693	191.14
0.0035106	0.000141083	245.502
0.0035106	0.000117569	308.135
0.0029255	0.1	829.601
0.0029255	0.0833333	829.173
0.0029255	0.0694444	828.656
0.0029255	0.0578704	828.031
0.0029255	0.0482253	827.274
0.0029255	0.0401878	826.355
0.0029255	0.0334898	825.25
0.0029255	0.0279082	823.893
0.0029255	0.0232568	822.232
0.0029255	0.0193807	820.197
0.0029255	0.0161506	817.673
0.0029255	0.0134588	814.53
0.0029255	0.0112157	365.201
0.0029255	0.00934639	313.147
0.0029255	0.00778866	176.469
0.0029255	0.00649055	160.124
0.0029255	0.00540879	128.134
0.0029255	0.00450732	105.539
0.0029255	0.0037561	122.259
0.0029255	0.00313009	122.465
0.0029255	0.00260841	122.538
0.0029255	0.00217367	121.735
0.0029255	0.00181139	79.9421
0.0029255	0.00150949	74.8765
0.0029255	0.00125791	68.1857
0.0029255	0.00104826	63.5806
0.0029255	0.00087355	56.4403
0.0029255	0.000727958	52.7557
0.0029255	0.000606632	45.6623
0.0029255	0.000505526	48.1784
0.0029255	0.000421272	52.6095
0.0029255	0.00035106	61.1678
0.0029255	0.00029255	74.3671
0.0029255	0.000243792	88.4903
0.0029255	0.00020316	109.995
0.0029255	0.0001693	131.639
0.0029255	0.000141083	166.192
0.0029255	0.000117569	203.544
0.00243792	0.1	887.286
0.00243792	0.0833333	886.97
0.00243792	0.0694444	886.589
0.00243792	0.0578704	886.129
0.00243792	0.0482253	885.574
0.00243792	0.0401878	884.902
0.00243792	0.0334898	884.086
0.00243792	0.0279082	883.105
0.00243792	0.0232568	881.903
0.00243792	0.0193807	880.434
0.00243792	0.0161506	878.637
0.00243792	0.0134588	876.415
0.00243792	0.0112157	873.656
0.00243792	0.00934639	431.641
0.00243792	0.00778866	360.931
0.00243792	0.00649055	188.595
0.00243792	0.00540879	147.006
0.00243792	0.00450732	133.639
0.00243792	0.0037561	116.026
0.00243792	0.00313009	117.061
0.00243792	0.00260841	132.938
0.00243792	0.00217367	132.955
0.00243792	0.00181139	132.814
0.00243792	0.00150949	84.6726
0.00243792	0.00125791	78.8258
0.00243792	0.00104826	72.5027
0.00243792	0.00087355	67.2275
0.00243792	0.000727958	67.9528
0.00243792	0.000606632	55.8732
0.00243792	0.000505526	45.4203
0.00243792	0.000421272	46.5404
0.00243792	0.00035106	50.9887
0.00243792	0.00029255	55.4534
0.00243792	0.000243792	64.496
0.00243792	0.00020316	76.3289
0.00243792	0.0001693	89.2551
0.00243792	0.000141083	113.005
0.00243792	0.000117569	135.621
0.0020316	0.1	943.565
0.0020316	0.0833333	943.334
0.0020316	0.0694444	943.072
0.0020316	0.0578704	942.741
0.0020316	0.0482253	942.342
0.0020316	0.0401878	941.861
0.0020316	0.0334898	941.278
0.0020316	0.0279082	940.572
0.0020316	0.0232568	939.715
0.0020316	0.0193807	938.683
0.0020316	0.0161506	937.416
0.0020316	0.0134588	935.862
0.0020316	0.0112157	933.957
0.0020316	0.00934639	931.591
0.0020316	0.00778866	928.642
0.0020316	0.00649055	417.798
0.0020316	0.00540879	195.373
0.0020316	0.00450732	160.037
0.0020316	0.0037561	143.784
0.0020316	0.00313009	140.774
0.0020316	0.00260841	143.988
0.0020316	0.00217367	143.985
0.0020316	0.00181139	143.954
0.0020316	0.00150949	144.055
0.0020316	0.00125791	143.915
0.0020316	0.00104826	142.444
0.0020316	0.00087355	141.721
0.0020316	0.000727958	94.133
0.0020316	0.000606632	57.6871
0.0020316	0.000505526	50.7467
0.0020316	0.000421272	45.2294
0.0020316	0.00035106	47.9921
0.0020316	0.00029255	48.4977
0.0020316	0.000243792	53.8851
0.0020316	0.00020316	57.8181
0.0020316	0.0001693	64.2603
0.0020316	0.000141083	74.0567
0.0020316	0.000117569	86.5256
0.001693	0.1	997.606
0.001693	0.0833333	997.443
0.001693	0.0694444	997.247
0.001693	0.0578704	997.024
0.001693	0.0482253	996.744
0.001693	0.0401878	996.406
0.001693	0.0334898	995.998
0.001693	0.0279082	995.505
0.001693	0.0232568	994.909
0.001693	0.0193807	994.184
0.001693	0.0161506	993.313
0.001693	0.0134588	992.245
0.001693	0.0112157	990.939
0.001693	0.00934639	989.334
0.001693	0.00778866	987.361
0.001693	0.00649055	984.904
0.001693	0.00540879	476.104
0.001693	0.00450732	206.947
0.001693	0.0037561	166.141
0.001693	0.00313009	150.678
0.001693	0.00260841	154.034
0.001693	0.00217367	152.342
0.001693	0.00181139	148.872
0.001693	0.00150949	148.598
0.001693	0.00125791	148.505
0.001693	0.00104826	148.828
0.001693	0.00087355	148.965
0.001693	0.000727958	148.937
0.001693	0.000606632	147.868
0.001693	0.000505526	63.7557
0.001693	0.000421272	67.1388
0.001693	0.00035106	47.8884
0.001693	0.00029255	50.2796
0.001693	0.000243792	52.763
0.001693	0.00020316	54.7274
0.001693	0.0001693	58.2842
0.001693	0.000141083	61.3946
0.001693	0.000117569	69.064
0.00141083	0.1	1048.67
0.00141083	0.0833333	1048.56
0.00141083	0.0694444	1048.42
0.00141083	0.0578704	1048.26
0.00141083	0.0482253	1048.07
0.00141083	0.0401878	1047.84
0.00141083	0.0334898	1047.56
0.00141083	0.0279082	1047.23
0.00141083	0.0232568	1046.82
0.00141083	0.0193807	1046.33
0.00141083	0.0161506	1045.73
0.00141083	0.0134588	1045
0.00141083	0.0112157	1044.13
0.00141083	0.00934639	1043.06
0.00141083	0.00778866	1041.74
0.00141083	0.00649055	1040.13
0.00141083	0.00540879	1038.12
0.00141083	0.00450732	1035.62
0.00141083	0.0037561	501.332
0.00141083	0.00313009	202.913
0.00141083	0.00260841	165.023
0.00141083	0.00217367	161.477
0.00141083	0.00181139	160.511
0.00141083	0.00150949	158.862
0.00141083	0.00125791	155.604
0.00141083	0.00104826	155.16
0.00141083	0.00087355	154.845
0.00141083	0.000727958	154.588
0.00141083	0.000606632	154.542
0.00141083	0.000505526	154.018
0.00141083	0.000421272	94.9728
0.00141083	0.00035106	63.5136
0.00141083	0.00029255	63.8423
0.00141083	0.000243792	64.6149
0.00141083	0.00020316	55.5742
0.00141083	0.0001693	60.8667
0.00141083	0.000141083	63.179
0.00141083	0.000117569	68.5245
0.00117569	0.1	1096.21
0.00117569	0.0833333	1096.13
0.00117569	0.0694444	1096.04
0.00117569	0.0578704	1095.93
0.00117569	0.0482253	1095.8
0.00117569	0.0401878	1095.64
0.00117569	0.0334898	1095.45
0.00117569	0.0279082	1095.24
0.00117569	0.0232568	1094.96
0.00117569	0.0193807	1094.63
0.00117569	0.0161506	1094.23
0.00117569	0.0134588	1093.75
0.00117569	0.0112157	1093.16
0.00117569	0.00934639	1092.45
0.00117569	0.00778866	1091.6
0.00117569	0.00649055	1090.54
0.00117569	0.00540879	1089.24
0.00117569	0.00450732	1087.65
0.00117569	0.0037561	1085.66
0.00117569	0.00313009	577.157
0.00117569	0.00260841	217.549
0.00117569	0.00217367	164.639
0.00117569	0.00181139	161.81
0.00117569	0.00150949	161.523
0.00117569	0.00125791	159.814
0.00117569	0.00104826	159.718
0.00117569	0.00087355	156.925
0.00117569	0.000727958	156.651
0.00117569	0.000606632	155.659
0.00117569	0.000505526	153.733
0.00117569	0.000421272	153.553
0.00117569	0.00035106	128.558
0.00117569	0.00029255	70.7143
0.00117569	0.000243792	69.7728
0.00117569	0.00020316	70.5046
0.00117569	0.0001693	69.2499
0.00117569	0.000141083	71.936
0.00117569	0.000117569	77.3637
