1	0.1	11.1152
1	0.0909091	10.8282
1	0.0826446	10.5558
1	0.0751315	10.2932
1	0.0683013	10.0387
1	0.0620921	9.79356
1	0.0564474	9.56287
1	0.0513158	9.35307
1	0.0466507	9.16975
1	0.0424098	9.01583
1	0.0385543	8.89035
1	0.0350494	8.78928
1	0.0318631	8.70859
1	0.0289664	8.64678
1	0.0263331	8.60512
1	0.0239392	8.58861
1	0.0217629	8.61274
1	0.0197845	8.68803
1	0.0179859	8.80035
1	0.0163508	8.95036
1	0.0148644	9.17987
1	0.0135131	9.47043
1	0.0122846	9.81409
1	0.0111678	10.2292
1	0.0101526	10.7298
1	0.0092296	11.3311
1	0.00839055	12.0269
1	0.00762777	12.7853
1	0.00693433	13.5712
1	0.00630394	14.3768
1	0.00573086	15.21
1	0.00520987	16.0309
1	0.00473624	16.8008
1	0.00430568	17.5359
1	0.00391425	18.2557
1	0.00355841	18.9543
1	0.00323492	19.6185
1	0.00294083	20.2494
1	0.00267349	20.8545
1	0.00243044	21.4357
1	0.00220949	21.9829
1	0.00200863	22.483
1	0.00182603	22.9302
1	0.00166002	23.329
1	0.00150911	23.6868
1	0.00137192	24.0069
1	0.0012472	24.2918
1	0.00113382	24.5448
1	0.00103074	24.7704
1	0.000937041	24.9716
1	0.000851855	25.1495
1	0.000774414	25.3067
1	0.000704013	25.4455
1	0.000640011	25.567
1	0.000581829	25.6733
1	0.000528935	25.7665
0.909091	0.1	11.4713
0.909091	0.0909091	11.1494
0.909091	0.0826446	10.8461
0.909091	0.0751315	10.5533
0.909091	0.0683013	10.2674
0.909091	0.0620921	9.98789
0.909091	0.0564474	9.71854
0.909091	0.0513158	9.46671
0.909091	0.0466507	9.24026
0.909091	0.0424098	9.04538
0.909091	0.0385543	8.88415
0.909091	0.0350494	8.75301
0.909091	0.0318631	8.64556
0.909091	0.0289664	8.55728
0.909091	0.0263331	8.48758
0.909091	0.0239392	8.43835
0.909091	0.0217629	8.41532
0.909091	0.0197845	8.43865
0.909091	0.0179859	8.51357
0.909091	0.0163508	8.62145
0.909091	0.0148644	8.76667
0.909091	0.0135131	9.00661
0.909091	0.0122846	9.29988
0.909091	0.0111678	9.64946
0.909091	0.0101526	10.0797
0.909091	0.0092296	10.5975
0.909091	0.00839055	11.2302
0.909091	0.00762777	11.9557
0.909091	0.00693433	12.7393
0.909091	0.00630394	13.5437
0.909091	0.00573086	14.3729
0.909091	0.00520987	15.2309
0.909091	0.00473624	16.0621
0.909091	0.00430568	16.8345
0.909091	0.00391425	17.5783
0.909091	0.00355841	18.3109
0.909091	0.00323492	19.0185
0.909091	0.00294083	19.6871
0.909091	0.00267349	20.3222
0.909091	0.00243044	20.9326
0.909091	0.00220949	21.5193
0.909091	0.00200863	22.0686
0.909091	0.00182603	22.5663
0.909091	0.00166002	23.0081
0.909091	0.00150911	23.4014
0.909091	0.00137192	23.7541
0.909091	0.0012472	24.0689
0.909091	0.00113382	24.3485
0.909091	0.00103074	24.5964
0.909091	0.000937041	24.8177
0.909091	0.000851855	25.0148
0.909091	0.000774414	25.1886
0.909091	0.000704013	25.3423
0.909091	0.000640011	25.4776
0.909091	0.000581829	25.5955
0.909091	0.000528935	25.6986
0.826446	0.1	11.9055
0.826446	0.0909091	11.5435
0.826446	0.0826446	11.2094
0.826446	0.0751315	10.8871
0.826446	0.0683013	10.5701
0.826446	0.0620921	10.2571
0.826446	0.0564474	9.94974
0.826446	0.0513158	9.65494
0.826446	0.0466507	9.38198
0.826446	0.0424098	9.14006
0.826446	0.0385543	8.93608
0.826446	0.0350494	8.76994
0.826446	0.0318631	8.63415
0.826446	0.0289664	8.52015
0.826446	0.0263331	8.42403
0.826446	0.0239392	8.3468
0.826446	0.0217629	8.29085
0.826446	0.0197845	8.26291
0.826446	0.0179859	8.28841
0.826446	0.0163508	8.36273
0.826446	0.0148644	8.46559
0.826446	0.0135131	8.60704
0.826446	0.0122846	8.8594
0.826446	0.0111678	9.15457
0.826446	0.0101526	9.51208
0.826446	0.0092296	9.96098
0.826446	0.00839055	10.495
0.826446	0.00762777	11.1644
0.826446	0.00693433	11.9171
0.826446	0.00630394	12.7226
0.826446	0.00573086	13.5429
0.826446	0.00520987	14.3979
0.826446	0.00473624	15.2768
0.826446	0.00430568	16.1118
0.826446	0.00391425	16.8855
0.826446	0.00355841	17.64
0.826446	0.00323492	18.3855
0.826446	0.00294083	19.0989
0.826446	0.00267349	19.7695
0.826446	0.00243044	20.4077
0.826446	0.00220949	21.0229
0.826446	0.00200863	21.6135
0.826446	0.00182603	22.1628
0.826446	0.00166002	22.6557
0.826446	0.00150911	23.0903
0.826446	0.00137192	23.4773
0.826446	0.0012472	23.824
0.826446	0.00113382	24.1329
0.826446	0.00103074	24.4065
0.826446	0.000937041	24.6489
0.826446	0.000851855	24.8658
0.826446	0.000774414	25.0584
0.826446	0.000704013	25.2281
0.826446	0.000640011	25.3782
0.826446	0.000581829	25.5097
0.826446	0.000528935	25.6239
0.751315	0.1	12.4246
0.751315	0.0909091	12.0111
0.751315	0.0826446	11.6439
0.751315	0.0751315	11.296
0.751315	0.0683013	10.9495
0.751315	0.0620921	10.6028
0.751315	0.0564474	10.2586
0.751315	0.0513158	9.92131
0.751315	0.0466507	9.60053
0.751315	0.0424098	9.30674
0.751315	0.0385543	9.05163
0.751315	0.0350494	8.84213
0.751315	0.0318631	8.67334
0.751315	0.0289664	8.53318
0.751315	0.0263331	8.41197
0.751315	0.0239392	8.30765
0.751315	0.0217629	8.22346
0.751315	0.0197845	8.16181
0.751315	0.0179859	8.13144
0.751315	0.0163508	8.16144
0.751315	0.0148644	8.23478
0.751315	0.0135131	8.33224
0.751315	0.0122846	8.472
0.751315	0.0111678	8.73733
0.751315	0.0101526	9.03472
0.751315	0.0092296	9.40335
0.751315	0.00839055	9.87396
0.751315	0.00762777	10.4225
0.751315	0.00693433	11.1337
0.751315	0.00630394	11.9103
0.751315	0.00573086	12.7334
0.751315	0.00520987	13.5697
0.751315	0.00473624	14.4527
0.751315	0.00430568	15.3462
0.751315	0.00391425	16.1784
0.751315	0.00355841	16.9551
0.751315	0.00323492	17.7229
0.751315	0.00294083	18.4791
0.751315	0.00267349	19.1949
0.751315	0.00243044	19.8655
0.751315	0.00220949	20.5058
0.751315	0.00200863	21.1255
0.751315	0.00182603	21.718
0.751315	0.00166002	22.2648
0.751315	0.00150911	22.7503
0.751315	0.00137192	23.1761
0.751315	0.0012472	23.5562
0.751315	0.00113382	23.8962
0.751315	0.00103074	24.1987
0.751315	0.000937041	24.4657
0.751315	0.000851855	24.7024
0.751315	0.000774414	24.9148
0.751315	0.000704013	25.1025
0.751315	0.000640011	25.2679
0.751315	0.000581829	25.4142
0.751315	0.000528935	25.5415
0.683013	0.1	13.0413
0.683013	0.0909091	12.5564
0.683013	0.0826446	12.1456
0.683013	0.0751315	11.775
0.683013	0.0683013	11.408
0.683013	0.0620921	11.0289
0.683013	0.0564474	10.6469
0.683013	0.0513158	10.2681
0.683013	0.0466507	9.90007
0.683013	0.0424098	9.55268
0.683013	0.0385543	9.23905
0.683013	0.0350494	8.97507
0.683013	0.0318631	8.76423
0.683013	0.0289664	8.5941
0.683013	0.0263331	8.44919
0.683013	0.0239392	8.31961
0.683013	0.0217629	8.2067
0.683013	0.0197845	8.11643
0.683013	0.0179859	8.0503
0.683013	0.0163508	8.02147
0.683013	0.0148644	8.05694
0.683013	0.0135131	8.1285
0.683013	0.0122846	8.22048
0.683013	0.0111678	8.36193
0.683013	0.0101526	8.63925
0.683013	0.0092296	8.94075
0.683013	0.00839055	9.32508
0.683013	0.00762777	9.81811
0.683013	0.00693433	10.379
0.683013	0.00630394	11.124
0.683013	0.00573086	11.9338
0.683013	0.00520987	12.7702
0.683013	0.00473624	13.6253
0.683013	0.00430568	14.5356
0.683013	0.00391425	15.4367
0.683013	0.00355841	16.2613
0.683013	0.00323492	17.0454
0.683013	0.00294083	17.8283
0.683013	0.00267349	18.5908
0.683013	0.00243044	19.3052
0.683013	0.00220949	19.9746
0.683013	0.00200863	20.6165
0.683013	0.00182603	21.2398
0.683013	0.00166002	21.8322
0.683013	0.00150911	22.374
0.683013	0.00137192	22.8493
0.683013	0.0012472	23.2651
0.683013	0.00113382	23.6379
0.683013	0.00103074	23.9706
0.683013	0.000937041	24.266
0.683013	0.000851855	24.5257
0.683013	0.000774414	24.757
0.683013	0.000704013	24.9643
0.683013	0.000640011	25.1469
0.683013	0.000581829	25.3081
0.683013	0.000528935	25.4504
0.620921	0.1	13.7766
0.620921	0.0909091	13.1913
0.620921	0.0826446	12.7156
0.620921	0.0751315	12.3138
0.620921	0.0683013	11.9372
0.620921	0.0620921	11.5406
0.620921	0.0564474	11.1189
0.620921	0.0513158	10.6967
0.620921	0.0466507	10.2826
0.620921	0.0424098	9.88313
0.620921	0.0385543	9.50782
0.620921	0.0350494	9.17795
0.620921	0.0318631	8.91174
0.620921	0.0289664	8.70258
0.620921	0.0263331	8.53134
0.620921	0.0239392	8.38092
0.620921	0.0217629	8.24108
0.620921	0.0197845	8.11954
0.620921	0.0179859	8.02453
0.620921	0.0163508	7.95545
0.620921	0.0148644	7.93345
0.620921	0.0135131	7.97472
0.620921	0.0122846	8.04263
0.620921	0.0111678	8.1292
0.620921	0.0101526	8.27663
0.620921	0.0092296	8.56352
0.620921	0.00839055	8.8731
0.620921	0.00762777	9.27914
0.620921	0.00693433	9.79144
0.620921	0.00630394	10.3693
0.620921	0.00573086	11.1398
0.620921	0.00520987	11.985
0.620921	0.00473624	12.8328
0.620921	0.00430568	13.7122
0.620921	0.00391425	14.6435
0.620921	0.00355841	15.5452
0.620921	0.00323492	16.3616
0.620921	0.00294083	17.1583
0.620921	0.00267349	17.9555
0.620921	0.00243044	18.7189
0.620921	0.00220949	19.4284
0.620921	0.00200863	20.0964
0.620921	0.00182603	20.7399
0.620921	0.00166002	21.3654
0.620921	0.00150911	21.9554
0.620921	0.00137192	22.4892
0.620921	0.0012472	22.9517
0.620921	0.00113382	23.3572
0.620921	0.00103074	23.7219
0.620921	0.000937041	24.047
0.620921	0.000851855	24.3343
0.620921	0.000774414	24.5865
0.620921	0.000704013	24.8126
0.620921	0.000640011	25.0143
0.620921	0.000581829	25.1916
0.620921	0.000528935	25.3487
0.564474	0.1	14.6606
0.564474	0.0909091	13.9372
0.564474	0.0826446	13.3641
0.564474	0.0751315	12.9102
0.564474	0.0683013	12.5172
0.564474	0.0620921	12.1259
0.564474	0.0564474	11.6845
0.564474	0.0513158	11.2118
0.564474	0.0466507	10.749
0.564474	0.0424098	10.3001
0.564474	0.0385543	9.8655
0.564474	0.0350494	9.46238
0.564474	0.0318631	9.12493
0.564474	0.0289664	8.86301
0.564474	0.0263331	8.656
0.564474	0.0239392	8.48403
0.564474	0.0217629	8.32627
0.564474	0.0197845	8.17363
0.564474	0.0179859	8.04455
0.564474	0.0163508	7.94663
0.564474	0.0148644	7.87671
0.564474	0.0135131	7.86555
0.564474	0.0122846	7.91394
0.564474	0.0111678	7.97627
0.564474	0.0101526	8.05798
0.564474	0.0092296	8.21394
0.564474	0.00839055	8.44843
0.564474	0.00762777	8.832
0.564474	0.00693433	9.26588
0.564474	0.00630394	9.79073
0.564474	0.00573086	10.3938
0.564474	0.00520987	11.1984
0.564474	0.00473624	12.0602
0.564474	0.00430568	12.9216
0.564474	0.00391425	13.8317
0.564474	0.00355841	14.7752
0.564474	0.00323492	15.6681
0.564474	0.00294083	16.4829
0.564474	0.00267349	17.2958
0.564474	0.00243044	18.102
0.564474	0.00220949	18.8619
0.564474	0.00200863	19.5636
0.564474	0.00182603	20.2305
0.564474	0.00166002	20.8757
0.564474	0.00150911	21.5013
0.564474	0.00137192	22.0867
0.564474	0.0012472	22.6091
0.564474	0.00113382	23.0565
0.564474	0.00103074	23.4519
0.564474	0.000937041	23.8078
0.564474	0.000851855	24.1251
0.564474	0.000774414	24.4033
0.564474	0.000704013	24.6481
0.564474	0.000640011	24.869
0.564474	0.000581829	25.0645
0.564474	0.000528935	25.2367
0.513158	0.1	15.7279
0.513158	0.0909091	14.8269
0.513158	0.0826446	14.1104
0.513158	0.0751315	13.5727
0.513158	0.0683013	13.144
0.513158	0.0620921	12.751
0.513158	0.0564474	12.3309
0.513158	0.0513158	11.8271
0.513158	0.0466507	11.3023
0.513158	0.0424098	10.8034
0.513158	0.0385543	10.3155
0.513158	0.0350494	9.83935
0.513158	0.0318631	9.4162
0.513158	0.0289664	9.08369
0.513158	0.0263331	8.82785
0.513158	0.0239392	8.62329
0.513158	0.0217629	8.45051
0.513158	0.0197845	8.28168
0.513158	0.0179859	8.11404
0.513158	0.0163508	7.98068
0.513158	0.0148644	7.8818
0.513158	0.0135131	7.81479
0.513158	0.0122846	7.8143
0.513158	0.0111678	7.87049
0.513158	0.0101526	7.92706
0.513158	0.0092296	8.00767
0.513158	0.00839055	8.17161
0.513158	0.00762777	8.41443
0.513158	0.00693433	8.81886
0.513158	0.00630394	9.27871
0.513158	0.00573086	9.81284
0.513158	0.00520987	10.4472
0.513158	0.00473624	11.2814
0.513158	0.00430568	12.1576
0.513158	0.00391425	13.0081
0.513158	0.00355841	13.9694
0.513158	0.00323492	14.9285
0.513158	0.00294083	15.8043
0.513158	0.00267349	16.629
0.513158	0.00243044	17.4573
0.513158	0.00220949	18.265
0.513158	0.00200863	19.0173
0.513158	0.00182603	19.7108
0.513158	0.00166002	20.376
0.513158	0.00150911	21.0237
0.513158	0.00137192	21.647
0.513158	0.0012472	22.2252
0.513158	0.00113382	22.7317
0.513158	0.00103074	23.1629
0.513158	0.000937041	23.549
0.513158	0.000851855	23.8956
0.513158	0.000774414	24.2041
0.513158	0.000704013	24.4725
0.513158	0.000640011	24.7108
0.513158	0.000581829	24.9257
0.513158	0.000528935	25.1149
0.466507	0.1	16.9992
0.466507	0.0909091	15.9054
0.466507	0.0826446	14.9874
0.466507	0.0751315	14.3159
0.466507	0.0683013	13.8268
0.466507	0.0620921	13.4133
0.466507	0.0564474	13.004
0.466507	0.0513158	12.5386
0.466507	0.0466507	11.9578
0.466507	0.0424098	11.3931
0.466507	0.0385543	10.8576
0.466507	0.0350494	10.3169
0.466507	0.0318631	9.7988
0.466507	0.0289664	9.37538
0.466507	0.0263331	9.05585
0.466507	0.0239392	8.80384
0.466507	0.0217629	8.60403
0.466507	0.0197845	8.4274
0.466507	0.0179859	8.24141
0.466507	0.0163508	8.06033
0.466507	0.0148644	7.92771
0.466507	0.0135131	7.82924
0.466507	0.0122846	7.77267
0.466507	0.0111678	7.77886
0.466507	0.0101526	7.84015
0.466507	0.0092296	7.89143
0.466507	0.00839055	7.97906
0.466507	0.00762777	8.14871
0.466507	0.00693433	8.40453
0.466507	0.00630394	8.83836
0.466507	0.00573086	9.30382
0.466507	0.00520987	9.85573
0.466507	0.00473624	10.5163
0.466507	0.00430568	11.3206
0.466507	0.00391425	12.2337
0.466507	0.00355841	13.1515
0.466507	0.00323492	14.1266
0.466507	0.00294083	15.0944
0.466507	0.00267349	15.9588
0.466507	0.00243044	16.8001
0.466507	0.00220949	17.6393
0.466507	0.00200863	18.4427
0.466507	0.00182603	19.1818
0.466507	0.00166002	19.8707
0.466507	0.00150911	20.5329
0.466507	0.00137192	21.1832
0.466507	0.0012472	21.8011
0.466507	0.00113382	22.3694
0.466507	0.00103074	22.8554
0.466507	0.000937041	23.2708
0.466507	0.000851855	23.6479
0.466507	0.000774414	23.9853
0.466507	0.000704013	24.2833
0.466507	0.000640011	24.5421
0.466507	0.000581829	24.7748
0.466507	0.000528935	24.9825
0.424098	0.1	18.4628
0.424098	0.0909091	17.2103
0.424098	0.0826446	16.0499
0.424098	0.0751315	15.1645
0.424098	0.0683013	14.575
0.424098	0.0620921	14.1249
0.424098	0.0564474	13.704
0.424098	0.0513158	13.2619
0.424098	0.0466507	12.7337
0.424098	0.0424098	12.0782
0.424098	0.0385543	11.4889
0.424098	0.0350494	10.8991
0.424098	0.0318631	10.2865
0.424098	0.0289664	9.75027
0.424098	0.0263331	9.3481
0.424098	0.0239392	9.0368
0.424098	0.0217629	8.7931
0.424098	0.0197845	8.5945
0.424098	0.0179859	8.40906
0.424098	0.0163508	8.19867
0.424098	0.0148644	8.01435
0.424098	0.0135131	7.88534
0.424098	0.0122846	7.78862
0.424098	0.0111678	7.75108
0.424098	0.0101526	7.75604
0.424098	0.0092296	7.82303
0.424098	0.00839055	7.86847
0.424098	0.00762777	7.96486
0.424098	0.00693433	8.14436
0.424098	0.00630394	8.4167
0.424098	0.00573086	8.81443
0.424098	0.00520987	9.35159
0.424098	0.00473624	9.92571
0.424098	0.00430568	10.6227
0.424098	0.00391425	11.4456
0.424098	0.00355841	12.3753
0.424098	0.00323492	13.3024
0.424098	0.00294083	14.3006
0.424098	0.00267349	15.2484
0.424098	0.00243044	16.1384
0.424098	0.00220949	16.9936
0.424098	0.00200863	17.8376
0.424098	0.00182603	18.6334
0.424098	0.00166002	19.3551
0.424098	0.00150911	20.0412
0.424098	0.00137192	20.7025
0.424098	0.0012472	21.3522
0.424098	0.00113382	21.9625
0.424098	0.00103074	22.5166
0.424098	0.000937041	22.9787
0.424098	0.000851855	23.3808
0.424098	0.000774414	23.7481
0.424098	0.000704013	24.0764
0.424098	0.000640011	24.362
0.424098	0.000581829	24.6124
0.424098	0.000528935	24.8393
0.385543	0.1	20.0472
0.385543	0.0909091	18.7859
0.385543	0.0826446	17.3364
0.385543	0.0751315	16.1764
0.385543	0.0683013	15.4026
0.385543	0.0620921	14.8865
0.385543	0.0564474	14.4546
0.385543	0.0513158	13.9947
0.385543	0.0466507	13.5152
0.385543	0.0424098	12.9019
0.385543	0.0385543	12.2048
0.385543	0.0350494	11.5811
0.385543	0.0318631	10.9008
0.385543	0.0289664	10.2196
0.385543	0.0263331	9.71091
0.385543	0.0239392	9.33408
0.385543	0.0217629	9.026
0.385543	0.0197845	8.79468
0.385543	0.0179859	8.59011
0.385543	0.0163508	8.38281
0.385543	0.0148644	8.15541
0.385543	0.0135131	7.97887
0.385543	0.0122846	7.85246
0.385543	0.0111678	7.76059
0.385543	0.0101526	7.74076
0.385543	0.0092296	7.74171
0.385543	0.00839055	7.80426
0.385543	0.00762777	7.85792
0.385543	0.00693433	7.95758
0.385543	0.00630394	8.16013
0.385543	0.00573086	8.45247
0.385543	0.00520987	8.88562
0.385543	0.00473624	9.41254
0.385543	0.00430568	10.0255
0.385543	0.00391425	10.7212
0.385543	0.00355841	11.5936
0.385543	0.00323492	12.5357
0.385543	0.00294083	13.4465
0.385543	0.00267349	14.4877
0.385543	0.00243044	15.4316
0.385543	0.00220949	16.3413
0.385543	0.00200863	17.2052
0.385543	0.00182603	18.0487
0.385543	0.00166002	18.8322
0.385543	0.00150911	19.5405
0.385543	0.00137192	20.2195
0.385543	0.0012472	20.8847
0.385543	0.00113382	21.5288
0.385543	0.00103074	22.1304
0.385543	0.000937041	22.6628
0.385543	0.000851855	23.1009
0.385543	0.000774414	23.493
0.385543	0.000704013	23.8498
0.385543	0.000640011	24.1671
0.385543	0.000581829	24.4402
0.385543	0.000528935	24.6841
0.350494	0.1	21.6718
0.350494	0.0909091	20.6123
0.350494	0.0826446	18.8643
0.350494	0.0751315	17.4597
0.350494	0.0683013	16.3388
0.350494	0.0620921	15.7067
0.350494	0.0564474	15.244
0.350494	0.0513158	14.7851
0.350494	0.0466507	14.2781
0.350494	0.0424098	13.7655
0.350494	0.0385543	13.0401
0.350494	0.0350494	12.3454
0.350494	0.0318631	11.6437
0.350494	0.0289664	10.8265
0.350494	0.0263331	10.1422
0.350494	0.0239392	9.69435
0.350494	0.0217629	9.31684
0.350494	0.0197845	9.03832
0.350494	0.0179859	8.79408
0.350494	0.0163508	8.57751
0.350494	0.0148644	8.3523
0.350494	0.0135131	8.1192
0.350494	0.0122846	7.9524
0.350494	0.0111678	7.82908
0.350494	0.0101526	7.74805
0.350494	0.0092296	7.73678
0.350494	0.00839055	7.73266
0.350494	0.00762777	7.77583
0.350494	0.00693433	7.8564
0.350494	0.00630394	7.96019
0.350494	0.00573086	8.19624
0.350494	0.00520987	8.5263
0.350494	0.00473624	8.96084
0.350494	0.00430568	9.49594
0.350494	0.00391425	10.0942
0.350494	0.00355841	10.8678
0.350494	0.00323492	11.7575
0.350494	0.00294083	12.5564
0.350494	0.00267349	13.6403
0.350494	0.00243044	14.6048
0.350494	0.00220949	15.5562
0.350494	0.00200863	16.5626
0.350494	0.00182603	17.4317
0.350494	0.00166002	18.2738
0.350494	0.00150911	19.0343
0.350494	0.00137192	19.7375
0.350494	0.0012472	20.4092
0.350494	0.00113382	21.0781
0.350494	0.00103074	21.7118
0.350494	0.000937041	22.3042
0.350494	0.000851855	22.8051
0.350494	0.000774414	23.222
0.350494	0.000704013	23.607
0.350494	0.000640011	23.9528
0.350494	0.000581829	24.2564
0.350494	0.000528935	24.5188
0.318631	0.1	23.3164
0.318631	0.0909091	22.4909
0.318631	0.0826446	20.8623
0.318631	0.0751315	18.8371
0.318631	0.0683013	17.5462
0.318631	0.0620921	16.614
0.318631	0.0564474	16.0618
0.318631	0.0513158	15.6335
0.318631	0.0466507	15.0808
0.318631	0.0424098	14.5609
0.318631	0.0385543	14.0011
0.318631	0.0350494	13.1835
0.318631	0.0318631	12.4798
0.318631	0.0289664	11.6248
0.318631	0.0263331	10.6898
0.318631	0.0239392	10.0825
0.318631	0.0217629	9.69311
0.318631	0.0197845	9.31463
0.318631	0.0179859	9.05645
0.318631	0.0163508	8.79772
0.318631	0.0148644	8.53702
0.318631	0.0135131	8.33274
0.318631	0.0122846	8.09183
0.318631	0.0111678	7.93167
0.318631	0.0101526	7.81605
0.318631	0.0092296	7.75512
0.318631	0.00839055	7.73813
0.318631	0.00762777	7.72648
0.318631	0.00693433	7.77513
0.318631	0.00630394	7.85912
0.318631	0.00573086	7.97699
0.318631	0.00520987	8.24934
0.318631	0.00473624	8.6236
0.318631	0.00430568	8.99847
0.318631	0.00391425	9.48649
0.318631	0.00355841	10.2073
0.318631	0.00323492	10.9883
0.318631	0.00294083	11.8469
0.318631	0.00267349	12.7104
0.318631	0.00243044	13.8623
0.318631	0.00220949	14.7716
0.318631	0.00200863	15.7572
0.318631	0.00182603	16.7651
0.318631	0.00166002	17.6712
0.318631	0.00150911	18.5085
0.318631	0.00137192	19.2414
0.318631	0.0012472	19.9389
0.318631	0.00113382	20.6122
0.318631	0.00103074	21.2775
0.318631	0.000937041	21.9002
0.318631	0.000851855	22.4765
0.318631	0.000774414	22.9436
0.318631	0.000704013	23.3455
0.318631	0.000640011	23.7218
0.318631	0.000581829	24.0557
0.318631	0.000528935	24.3439
0.289664	0.1	24.9951
0.289664	0.0909091	24.3223
0.289664	0.0826446	23.1797
0.289664	0.0751315	20.5958
0.289664	0.0683013	18.9377
0.289664	0.0620921	17.6414
0.289664	0.0564474	16.947
0.289664	0.0513158	16.4719
0.289664	0.0466507	16.008
0.289664	0.0424098	15.3881
0.289664	0.0385543	14.859
0.289664	0.0350494	14.1971
0.289664	0.0318631	13.3599
0.289664	0.0289664	12.5648
0.289664	0.0263331	11.4532
0.289664	0.0239392	10.5568
0.289664	0.0217629	10.0682
0.289664	0.0197845	9.65253
0.289664	0.0179859	9.34997
0.289664	0.0163508	9.04555
0.289664	0.0148644	8.74554
0.289664	0.0135131	8.5375
0.289664	0.0122846	8.30369
0.289664	0.0111678	8.07106
0.289664	0.0101526	7.91872
0.289664	0.0092296	7.81178
0.289664	0.00839055	7.7718
0.289664	0.00762777	7.74335
0.289664	0.00693433	7.72181
0.289664	0.00630394	7.70055
0.289664	0.00573086	7.86535
0.289664	0.00520987	8.01453
0.289664	0.00473624	8.29125
0.289664	0.00430568	8.72358
0.289664	0.00391425	9.08755
0.289664	0.00355841	9.63332
0.289664	0.00323492	10.3702
0.289664	0.00294083	11.1718
0.289664	0.00267349	12.0012
0.289664	0.00243044	12.9148
0.289664	0.00220949	13.9119
0.289664	0.00200863	14.9171
0.289664	0.00182603	15.8731
0.289664	0.00166002	16.8625
0.289664	0.00150911	17.917
0.289664	0.00137192	18.7257
0.289664	0.0012472	19.4603
0.289664	0.00113382	20.142
0.289664	0.00103074	20.828
0.289664	0.000937041	21.4816
0.289664	0.000851855	22.0962
0.289664	0.000774414	22.6398
0.289664	0.000704013	23.0773
0.289664	0.000640011	23.473
0.289664	0.000581829	23.8363
0.289664	0.000528935	24.1568
0.263331	0.1	26.7235
0.263331	0.0909091	26.1429
0.263331	0.0826446	25.3352
0.263331	0.0751315	23.2733
0.263331	0.0683013	20.3754
0.263331	0.0620921	19.151
0.263331	0.0564474	17.9515
0.263331	0.0513158	17.3476
0.263331	0.0466507	16.9155
0.263331	0.0424098	16.2818
0.263331	0.0385543	15.7036
0.263331	0.0350494	15.1286
0.263331	0.0318631	14.3411
0.263331	0.0289664	13.5388
0.263331	0.0263331	12.4985
0.263331	0.0239392	11.2198
0.263331	0.0217629	10.4602
0.263331	0.0197845	10.1054
0.263331	0.0179859	9.65417
0.263331	0.0163508	9.38908
0.263331	0.0148644	9.05069
0.263331	0.0135131	8.72837
0.263331	0.0122846	8.54709
0.263331	0.0111678	8.26042
0.263331	0.0101526	8.05413
0.263331	0.0092296	7.9149
0.263331	0.00839055	7.81394
0.263331	0.00762777	7.79132
0.263331	0.00693433	7.74928
0.263331	0.00630394	7.72124
0.263331	0.00573086	7.71509
0.263331	0.00520987	7.87968
0.263331	0.00473624	8.06616
0.263331	0.00430568	8.40639
0.263331	0.00391425	8.82484
0.263331	0.00355841	9.20612
0.263331	0.00323492	9.8063
0.263331	0.00294083	10.4945
0.263331	0.00267349	11.2516
0.263331	0.00243044	12.1092
0.263331	0.00220949	13.1176
0.263331	0.00200863	14.0113
0.263331	0.00182603	15.1235
0.263331	0.00166002	15.9949
0.263331	0.00150911	17.0366
0.263331	0.00137192	18.1632
0.263331	0.0012472	18.9386
0.263331	0.00113382	19.6845
0.263331	0.00103074	20.36
0.263331	0.000937041	21.051
0.263331	0.000851855	21.6898
0.263331	0.000774414	22.2929
0.263331	0.000704013	22.7956
0.263331	0.000640011	23.2094
0.263331	0.000581829	23.6021
0.263331	0.000528935	23.9505
0.239392	0.1	28.5122
0.239392	0.0909091	27.9946
0.239392	0.0826446	27.3426
0.239392	0.0751315	26.2227
0.239392	0.0683013	22.3686
0.239392	0.0620921	20.5268
0.239392	0.0564474	19.4986
0.239392	0.0513158	18.3061
0.239392	0.0466507	17.8102
0.239392	0.0424098	17.3739
0.239392	0.0385543	16.6297
0.239392	0.0350494	16.0337
0.239392	0.0318631	15.3932
0.239392	0.0289664	14.5109
0.239392	0.0263331	13.6648
0.239392	0.0239392	12.134
0.239392	0.0217629	10.9986
0.239392	0.0197845	10.4258
0.239392	0.0179859	10.1826
0.239392	0.0163508	9.71023
0.239392	0.0148644	9.37868
0.239392	0.0135131	8.95625
0.239392	0.0122846	8.75082
0.239392	0.0111678	8.54493
0.239392	0.0101526	8.22377
0.239392	0.0092296	8.04617
0.239392	0.00839055	7.91802
0.239392	0.00762777	7.82182
0.239392	0.00693433	7.80997
0.239392	0.00630394	7.75253
0.239392	0.00573086	7.73697
0.239392	0.00520987	7.72889
0.239392	0.00473624	7.90094
0.239392	0.00430568	8.07362
0.239392	0.00391425	8.5243
0.239392	0.00355841	8.87053
0.239392	0.00323492	9.36298
0.239392	0.00294083	9.94005
0.239392	0.00267349	10.5879
0.239392	0.00243044	11.4112
0.239392	0.00220949	12.3337
0.239392	0.00200863	13.201
0.239392	0.00182603	14.0747
0.239392	0.00166002	15.2006
0.239392	0.00150911	16.1011
0.239392	0.00137192	17.1391
0.239392	0.0012472	18.2138
0.239392	0.00113382	19.1713
0.239392	0.00103074	19.9027
0.239392	0.000937041	20.5724
0.239392	0.000851855	21.2706
0.239392	0.000774414	21.9015
0.239392	0.000704013	22.4792
0.239392	0.000640011	22.9444
0.239392	0.000581829	23.3475
0.239392	0.000528935	23.7288
0.217629	0.1	30.3684
0.217629	0.0909091	29.8996
0.217629	0.0826446	29.3328
0.217629	0.0751315	28.5776
0.217629	0.0683013	26.197
0.217629	0.0620921	22.0786
0.217629	0.0564474	20.7642
0.217629	0.0513158	19.8865
0.217629	0.0466507	18.7609
0.217629	0.0424098	18.29
0.217629	0.0385543	17.6266
0.217629	0.0350494	16.962
0.217629	0.0318631	16.3146
0.217629	0.0289664	15.6606
0.217629	0.0263331	14.7191
0.217629	0.0239392	13.5578
0.217629	0.0217629	11.8238
0.217629	0.0197845	10.8148
0.217629	0.0179859	10.4809
0.217629	0.0163508	10.1053
0.217629	0.0148644	9.76657
0.217629	0.0135131	9.35553
0.217629	0.0122846	8.9716
0.217629	0.0111678	8.77323
0.217629	0.0101526	8.50002
0.217629	0.0092296	8.20227
0.217629	0.00839055	8.04526
0.217629	0.00762777	7.92702
0.217629	0.00693433	7.83718
0.217629	0.00630394	7.76797
0.217629	0.00573086	7.75169
0.217629	0.00520987	7.72338
0.217629	0.00473624	7.74303
0.217629	0.00430568	7.83814
0.217629	0.00391425	8.17227
0.217629	0.00355841	8.65121
0.217629	0.00323492	8.99332
0.217629	0.00294083	9.55247
0.217629	0.00267349	10.1275
0.217629	0.00243044	10.7905
0.217629	0.00220949	11.5894
0.217629	0.00200863	12.5336
0.217629	0.00182603	13.3277
0.217629	0.00166002	14.278
0.217629	0.00150911	15.3127
0.217629	0.00137192	16.3155
0.217629	0.0012472	17.2999
0.217629	0.00113382	18.3834
0.217629	0.00103074	19.4043
0.217629	0.000937041	20.1117
0.217629	0.000851855	20.8087
0.217629	0.000774414	21.473
0.217629	0.000704013	22.1131
0.217629	0.000640011	22.6534
0.217629	0.000581829	23.0871
0.217629	0.000528935	23.4898
0.197845	0.1	32.298
0.197845	0.0909091	31.8697
0.197845	0.0826446	31.3624
0.197845	0.0751315	30.7389
0.197845	0.0683013	29.7449
0.197845	0.0620921	24.3311
0.197845	0.0564474	22.3239
0.197845	0.0513158	21.1603
0.197845	0.0466507	19.8028
0.197845	0.0424098	19.2702
0.197845	0.0385543	18.786
0.197845	0.0350494	18.0405
0.197845	0.0318631	17.3077
0.197845	0.0289664	16.6094
0.197845	0.0263331	15.8308
0.197845	0.0239392	14.9179
0.197845	0.0217629	12.8894
0.197845	0.0197845	11.4377
0.197845	0.0179859	10.7604
0.197845	0.0163508	10.5695
0.197845	0.0148644	10.1137
0.197845	0.0135131	9.80998
0.197845	0.0122846	9.38271
0.197845	0.0111678	8.99426
0.197845	0.0101526	8.78421
0.197845	0.0092296	8.40844
0.197845	0.00839055	8.19896
0.197845	0.00762777	8.05008
0.197845	0.00693433	7.94165
0.197845	0.00630394	7.86091
0.197845	0.00573086	7.7786
0.197845	0.00520987	7.76089
0.197845	0.00473624	7.74765
0.197845	0.00430568	7.75324
0.197845	0.00391425	7.84978
0.197845	0.00355841	8.26222
0.197845	0.00323492	8.78473
0.197845	0.00294083	9.14555
0.197845	0.00267349	9.69246
0.197845	0.00243044	10.3224
0.197845	0.00220949	10.9656
0.197845	0.00200863	11.8193
0.197845	0.00182603	12.7273
0.197845	0.00166002	13.4497
0.197845	0.00150911	14.4293
0.197845	0.00137192	15.4492
0.197845	0.0012472	16.3858
0.197845	0.00113382	17.3403
0.197845	0.00103074	18.3018
0.197845	0.000937041	19.417
0.197845	0.000851855	20.2833
0.197845	0.000774414	21.0472
0.197845	0.000704013	21.6766
0.197845	0.000640011	22.3208
0.197845	0.000581829	22.818
0.197845	0.000528935	23.2333
0.179859	0.1	34.3067
0.179859	0.0909091	33.9129
0.179859	0.0826446	33.453
0.179859	0.0751315	32.9039
0.179859	0.0683013	32.2081
0.179859	0.0620921	29.9635
0.179859	0.0564474	24.0507
0.179859	0.0513158	22.5669
0.179859	0.0466507	21.5407
0.179859	0.0424098	20.3111
0.179859	0.0385543	19.7674
0.179859	0.0350494	19.2851
0.179859	0.0318631	18.4847
0.179859	0.0289664	17.6002
0.179859	0.0263331	16.9418
0.179859	0.0239392	16.0102
0.179859	0.0217629	14.8453
0.179859	0.0197845	12.5887
0.179859	0.0179859	11.1467
0.179859	0.0163508	10.8034
0.179859	0.0148644	10.6691
0.179859	0.0135131	10.1791
0.179859	0.0122846	9.82459
0.179859	0.0111678	9.39153
0.179859	0.0101526	9.02038
0.179859	0.0092296	8.77249
0.179859	0.00839055	8.36173
0.179859	0.00762777	8.2004
0.179859	0.00693433	8.06287
0.179859	0.00630394	7.96134
0.179859	0.00573086	7.88926
0.179859	0.00520987	7.78108
0.179859	0.00473624	7.79744
0.179859	0.00430568	7.77005
0.179859	0.00391425	7.75123
0.179859	0.00355841	7.80147
0.179859	0.00323492	8.35776
0.179859	0.00294083	8.92792
0.179859	0.00267349	9.33252
0.179859	0.00243044	9.89573
0.179859	0.00220949	10.5346
0.179859	0.00200863	11.2269
0.179859	0.00182603	12.0457
0.179859	0.00166002	12.7511
0.179859	0.00150911	13.6233
0.179859	0.00137192	14.4797
0.179859	0.0012472	15.4331
0.179859	0.00113382	16.4403
0.179859	0.00103074	17.3813
0.179859	0.000937041	18.3914
0.179859	0.000851855	19.385
0.179859	0.000774414	20.4983
0.179859	0.000704013	21.2642
0.179859	0.000640011	21.8685
0.179859	0.000581829	22.509
0.179859	0.000528935	22.976
0.163508	0.1	36.3999
0.163508	0.0909091	36.0365
0.163508	0.0826446	35.6157
0.163508	0.0751315	35.1221
0.163508	0.0683013	34.5272
0.163508	0.0620921	33.6925
0.163508	0.0564474	27.179
0.163508	0.0513158	24.4331
0.163508	0.0466507	22.9942
0.163508	0.0424098	21.9862
0.163508	0.0385543	20.8544
0.163508	0.0350494	20.3068
0.163508	0.0318631	19.7603
0.163508	0.0289664	18.8613
0.163508	0.0263331	17.9278
0.163508	0.0239392	17.3486
0.163508	0.0217629	16.2683
0.163508	0.0197845	13.7911
0.163508	0.0179859	12.0049
0.163508	0.0163508	11.1001
0.163508	0.0148644	10.881
0.163508	0.0135131	10.7721
0.163508	0.0122846	10.227
0.163508	0.0111678	9.8184
0.163508	0.0101526	9.41333
0.163508	0.0092296	9.04035
0.163508	0.00839055	8.67493
0.163508	0.00762777	8.35878
0.163508	0.00693433	8.20632
0.163508	0.00630394	8.08204
0.163508	0.00573086	7.98815
0.163508	0.00520987	7.91504
0.163508	0.00473624	7.78297
0.163508	0.00430568	7.83507
0.163508	0.00391425	7.79374
0.163508	0.00355841	7.7399
0.163508	0.00323492	7.83028
0.163508	0.00294083	8.40141
0.163508	0.00267349	9.08612
0.163508	0.00243044	9.55931
0.163508	0.00220949	10.0919
0.163508	0.00200863	10.6664
0.163508	0.00182603	11.4253
0.163508	0.00166002	12.1123
0.163508	0.00150911	12.9126
0.163508	0.00137192	13.7449
0.163508	0.0012472	14.5834
0.163508	0.00113382	15.5061
0.163508	0.00103074	16.5555
0.163508	0.000937041	17.3918
0.163508	0.000851855	18.3179
0.163508	0.000774414	19.3984
0.163508	0.000704013	20.5339
0.163508	0.000640011	21.4117
0.163508	0.000581829	22.0692
0.163508	0.000528935	22.6831
0.148644	0.1	38.5838
0.148644	0.0909091	38.2473
0.148644	0.0826446	37.8599
0.148644	0.0751315	37.4114
0.148644	0.0683013	36.8815
0.148644	0.0620921	36.2345
0.148644	0.0564474	34.4433
0.148644	0.0513158	26.5647
0.148644	0.0466507	24.6065
0.148644	0.0424098	23.3455
0.148644	0.0385543	22.5649
0.148644	0.0350494	21.3647
0.148644	0.0318631	20.8577
0.148644	0.0289664	20.2453
0.148644	0.0263331	19.1832
0.148644	0.0239392	18.2805
0.148644	0.0217629	17.6675
0.148644	0.0197845	16.3747
0.148644	0.0179859	13.4725
0.148644	0.0163508	11.4949
0.148644	0.0148644	11.1506
0.148644	0.0135131	10.9768
0.148644	0.0122846	10.8699
0.148644	0.0111678	10.247
0.148644	0.0101526	9.7991
0.148644	0.0092296	9.44395
0.148644	0.00839055	9.03351
0.148644	0.00762777	8.54212
0.148644	0.00693433	8.36349
0.148644	0.00630394	8.22303
0.148644	0.00573086	8.10408
0.148644	0.00520987	8.02002
0.148644	0.00473624	7.92034
0.148644	0.00430568	7.80921
0.148644	0.00391425	7.78129
0.148644	0.00355841	7.8069
0.148644	0.00323492	7.73488
0.148644	0.00294083	7.89746
0.148644	0.00267349	8.5147
0.148644	0.00243044	9.17064
0.148644	0.00220949	9.77553
0.148644	0.00200863	10.306
0.148644	0.00182603	10.9159
0.148644	0.00166002	11.6595
0.148644	0.00150911	12.3531
0.148644	0.00137192	13.0774
0.148644	0.0012472	13.889
0.148644	0.00113382	14.8069
0.148644	0.00103074	15.5695
0.148644	0.000937041	16.5368
0.148644	0.000851855	17.4714
0.148644	0.000774414	18.306
0.148644	0.000704013	19.1579
0.148644	0.000640011	20.2889
0.148644	0.000581829	21.5135
0.148644	0.000528935	22.2585
0.135131	0.1	40.8628
0.135131	0.0909091	40.5506
0.135131	0.0826446	40.1937
0.135131	0.0751315	39.7826
0.135131	0.0683013	39.3039
0.135131	0.0620921	38.7358
0.135131	0.0564474	38.0178
0.135131	0.0513158	31.9277
0.135131	0.0466507	26.7736
0.135131	0.0424098	25.0195
0.135131	0.0385543	23.8342
0.135131	0.0350494	23.1482
0.135131	0.0318631	21.9703
0.135131	0.0289664	21.3783
0.135131	0.0263331	20.6397
0.135131	0.0239392	19.5633
0.135131	0.0217629	18.751
0.135131	0.0197845	17.7493
0.135131	0.0179859	14.961
0.135131	0.0163508	13.0234
0.135131	0.0148644	11.481
0.135131	0.0135131	11.2219
0.135131	0.0122846	11.0839
0.135131	0.0111678	10.9147
0.135131	0.0101526	10.2105
0.135131	0.0092296	9.80333
0.135131	0.00839055	9.47319
0.135131	0.00762777	9.01333
0.135131	0.00693433	8.52877
0.135131	0.00630394	8.37242
0.135131	0.00573086	8.245
0.135131	0.00520987	8.13128
0.135131	0.00473624	8.05267
0.135131	0.00430568	7.91266
0.135131	0.00391425	7.83972
0.135131	0.00355841	7.81417
0.135131	0.00323492	7.80305
0.135131	0.00294083	7.81313
0.135131	0.00267349	7.85823
0.135131	0.00243044	8.62177
0.135131	0.00220949	9.30808
0.135131	0.00200863	9.96309
0.135131	0.00182603	10.5369
0.135131	0.00166002	11.1733
0.135131	0.00150911	11.8062
0.135131	0.00137192	12.5486
0.135131	0.0012472	13.2481
0.135131	0.00113382	14.0462
0.135131	0.00103074	14.8261
0.135131	0.000937041	15.585
0.135131	0.000851855	16.4024
0.135131	0.000774414	17.4682
0.135131	0.000704013	18.28
0.135131	0.000640011	19.1401
0.135131	0.000581829	20.2711
0.135131	0.000528935	21.3675
0.122846	0.1	43.2444
0.122846	0.0909091	42.9539
0.122846	0.0826446	42.6229
0.122846	0.0751315	42.2448
0.122846	0.0683013	41.8084
0.122846	0.0620921	41.2987
0.122846	0.0564474	40.6897
0.122846	0.0513158	39.5763
0.122846	0.0466507	29.5772
0.122846	0.0424098	26.9664
0.122846	0.0385543	25.3769
0.122846	0.0350494	24.4853
0.122846	0.0318631	23.6933
0.122846	0.0289664	22.5656
0.122846	0.0263331	21.8795
0.122846	0.0239392	20.7113
0.122846	0.0217629	19.9282
0.122846	0.0197845	19.1797
0.122846	0.0179859	18.0204
0.122846	0.0163508	14.343
0.122846	0.0148644	12.3223
0.122846	0.0135131	11.5234
0.122846	0.0122846	11.3109
0.122846	0.0111678	11.1966
0.122846	0.0101526	10.9554
0.122846	0.0092296	10.1457
0.122846	0.00839055	9.82805
0.122846	0.00762777	9.48312
0.122846	0.00693433	8.97901
0.122846	0.00630394	8.53277
0.122846	0.00573086	8.40011
0.122846	0.00520987	8.26651
0.122846	0.00473624	8.16462
0.122846	0.00430568	8.07277
0.122846	0.00391425	7.93885
0.122846	0.00355841	7.8595
0.122846	0.00323492	7.75051
0.122846	0.00294083	7.78312
0.122846	0.00267349	7.85964
0.122846	0.00243044	7.94518
0.122846	0.00220949	8.71386
0.122846	0.00200863	9.52339
0.122846	0.00182603	10.1697
0.122846	0.00166002	10.7964
0.122846	0.00150911	11.4261
0.122846	0.00137192	12.0139
0.122846	0.0012472	12.7088
0.122846	0.00113382	13.4078
0.122846	0.00103074	14.227
0.122846	0.000937041	15.0174
0.122846	0.000851855	15.6981
0.122846	0.000774414	16.4685
0.122846	0.000704013	17.3798
0.122846	0.000640011	18.2941
0.122846	0.000581829	19.0968
0.122846	0.000528935	20.1172
0.111678	0.1	45.7336
0.111678	0.0909091	45.4623
0.111678	0.0826446	45.1559
0.111678	0.0751315	44.8062
0.111678	0.0683013	44.4063
0.111678	0.0620921	43.9437
0.111678	0.0564474	43.4016
0.111678	0.0513158	42.747
0.111678	0.0466507	37.2346
0.111678	0.0424098	29.9307
0.111678	0.0385543	27.3612
0.111678	0.0350494	25.9074
0.111678	0.0318631	25.0824
0.111678	0.0289664	24.4262
0.111678	0.0263331	23.7717
0.111678	0.0239392	22.2908
0.111678	0.0217629	21.1451
0.111678	0.0197845	20.4688
0.111678	0.0179859	19.6006
0.111678	0.0163508	17.2915
0.111678	0.0148644	14.2756
0.111678	0.0135131	12.265
0.111678	0.0122846	11.588
0.111678	0.0111678	11.4161
0.111678	0.0101526	11.3067
0.111678	0.0092296	10.9289
0.111678	0.00839055	10.1123
0.111678	0.00762777	9.85951
0.111678	0.00693433	9.47888
0.111678	0.00630394	8.77783
0.111678	0.00573086	8.53849
0.111678	0.00520987	8.43689
0.111678	0.00473624	8.2922
0.111678	0.00430568	8.20027
0.111678	0.00391425	8.06836
0.111678	0.00355841	7.99459
0.111678	0.00323492	7.86807
0.111678	0.00294083	7.7616
0.111678	0.00267349	7.77045
0.111678	0.00243044	7.89446
0.111678	0.00220949	8.01267
0.111678	0.00200863	8.79791
0.111678	0.00182603	9.54148
0.111678	0.00166002	10.3793
0.111678	0.00150911	11.0554
0.111678	0.00137192	11.6771
0.111678	0.0012472	12.262
0.111678	0.00113382	12.8438
0.111678	0.00103074	13.6145
0.111678	0.000937041	14.3534
0.111678	0.000851855	15.1265
0.111678	0.000774414	15.8017
0.111678	0.000704013	16.4321
0.111678	0.000640011	17.2978
0.111678	0.000581829	18.3496
0.111678	0.000528935	19.0331
0.101526	0.1	48.3368
0.101526	0.0909091	48.0838
0.101526	0.0826446	47.7981
0.101526	0.0751315	47.4753
0.101526	0.0683013	47.1071
0.101526	0.0620921	46.6846
0.101526	0.0564474	46.1949
0.101526	0.0513158	45.6183
0.101526	0.0466507	44.8918
0.101526	0.0424098	34.0295
0.101526	0.0385543	30.3727
0.101526	0.0350494	28.6167
0.101526	0.0318631	26.5556
0.101526	0.0289664	25.6484
0.101526	0.0263331	25.0738
0.101526	0.0239392	24.2787
0.101526	0.0217629	22.662
0.101526	0.0197845	21.5054
0.101526	0.0179859	20.9624
0.101526	0.0163508	20.2239
0.101526	0.0148644	15.9503
0.101526	0.0135131	13.3428
0.101526	0.0122846	12.2729
0.101526	0.0111678	11.6651
0.101526	0.0101526	11.5329
0.101526	0.0092296	11.3948
0.101526	0.00839055	10.8459
0.101526	0.00762777	10.1125
0.101526	0.00693433	9.86304
0.101526	0.00630394	9.44679
0.101526	0.00573086	8.74278
0.101526	0.00520987	8.56726
0.101526	0.00473624	8.46198
0.101526	0.00430568	8.3264
0.101526	0.00391425	8.2278
0.101526	0.00355841	8.07644
0.101526	0.00323492	8.05508
0.101526	0.00294083	7.87421
0.101526	0.00267349	7.75123
0.101526	0.00243044	7.70257
0.101526	0.00220949	7.8869
0.101526	0.00200863	8.09174
0.101526	0.00182603	8.94881
0.101526	0.00166002	9.74028
0.101526	0.00150911	10.6198
0.101526	0.00137192	11.2882
0.101526	0.0012472	11.9137
0.101526	0.00113382	12.4872
0.101526	0.00103074	13.0564
0.101526	0.000937041	13.6546
0.101526	0.000851855	14.5637
0.101526	0.000774414	15.2101
0.101526	0.000704013	15.9786
0.101526	0.000640011	16.44
0.101526	0.000581829	17.1202
0.101526	0.000528935	18.1818
0.092296	0.1	51.0596
0.092296	0.0909091	50.8241
0.092296	0.0826446	50.5583
0.092296	0.0751315	50.2587
0.092296	0.0683013	49.9183
0.092296	0.0620921	49.5306
0.092296	0.0564474	49.0849
0.092296	0.0513158	48.5673
0.092296	0.0466507	47.9551
0.092296	0.0424098	43.8366
0.092296	0.0385543	34.0823
0.092296	0.0350494	30.9511
0.092296	0.0318631	29.1585
0.092296	0.0289664	27.034
0.092296	0.0263331	26.4344
0.092296	0.0239392	25.7718
0.092296	0.0217629	24.7234
0.092296	0.0197845	23.1552
0.092296	0.0179859	22.1098
0.092296	0.0163508	21.437
0.092296	0.0148644	20.5443
0.092296	0.0135131	15.6854
0.092296	0.0122846	12.8086
0.092296	0.0111678	12.3574
0.092296	0.0101526	11.7624
0.092296	0.0092296	11.6571
0.092296	0.00839055	11.4046
0.092296	0.00762777	10.7975
0.092296	0.00693433	10.0942
0.092296	0.00630394	9.88346
0.092296	0.00573086	9.43401
0.092296	0.00520987	8.78753
0.092296	0.00473624	8.63006
0.092296	0.00430568	8.48609
0.092296	0.00391425	8.36513
0.092296	0.00355841	8.23414
0.092296	0.00323492	8.09651
0.092296	0.00294083	8.03425
0.092296	0.00267349	7.88299
0.092296	0.00243044	7.6742
0.092296	0.00220949	7.67083
0.092296	0.00200863	7.94873
0.092296	0.00182603	8.14658
0.092296	0.00166002	8.96626
0.092296	0.00150911	9.93892
0.092296	0.00137192	10.9296
0.092296	0.0012472	11.5751
0.092296	0.00113382	12.1991
0.092296	0.00103074	12.7268
0.092296	0.000937041	13.2865
0.092296	0.000851855	13.8443
0.092296	0.000774414	14.6055
0.092296	0.000704013	15.3384
0.092296	0.000640011	16.0536
0.092296	0.000581829	16.4669
0.092296	0.000528935	16.968
0.0839055	0.1	53.9101
0.0839055	0.0909091	53.6892
0.0839055	0.0826446	53.4423
0.0839055	0.0751315	53.1634
0.0839055	0.0683013	52.849
0.0839055	0.0620921	52.4913
0.0839055	0.0564474	52.0836
0.0839055	0.0513158	51.6142
0.0839055	0.0466507	51.068
0.0839055	0.0424098	50.4173
0.0839055	0.0385543	38.2372
0.0839055	0.0350494	34.6611
0.0839055	0.0318631	31.1092
0.0839055	0.0289664	29.883
0.0839055	0.0263331	27.4697
0.0839055	0.0239392	26.9922
0.0839055	0.0217629	26.3028
0.0839055	0.0197845	25.163
0.0839055	0.0179859	23.5158
0.0839055	0.0163508	22.6757
0.0839055	0.0148644	21.8525
0.0839055	0.0135131	17.4726
0.0839055	0.0122846	15.6626
0.0839055	0.0111678	12.7596
0.0839055	0.0101526	12.3916
0.0839055	0.0092296	12.2682
0.0839055	0.00839055	11.7826
0.0839055	0.00762777	11.2898
0.0839055	0.00693433	10.777
0.0839055	0.00630394	10.1197
0.0839055	0.00573086	9.9065
0.0839055	0.00520987	9.44125
0.0839055	0.00473624	9.0458
0.0839055	0.00430568	8.6799
0.0839055	0.00391425	8.52263
0.0839055	0.00355841	8.39849
0.0839055	0.00323492	8.25755
0.0839055	0.00294083	8.12621
0.0839055	0.00267349	8.04794
0.0839055	0.00243044	7.89724
0.0839055	0.00220949	7.65623
0.0839055	0.00200863	7.68878
0.0839055	0.00182603	8.01515
0.0839055	0.00166002	8.27969
0.0839055	0.00150911	9.20014
0.0839055	0.00137192	10.0852
0.0839055	0.0012472	11.0927
0.0839055	0.00113382	11.8436
0.0839055	0.00103074	12.483
0.0839055	0.000937041	12.9884
0.0839055	0.000851855	13.4704
0.0839055	0.000774414	13.9944
0.0839055	0.000704013	14.6088
0.0839055	0.000640011	15.4826
0.0839055	0.000581829	15.8638
0.0839055	0.000528935	16.5688
0.0762777	0.1	56.8937
0.0762777	0.0909091	56.6873
0.0762777	0.0826446	56.4562
0.0762777	0.0751315	56.1977
0.0762777	0.0683013	55.9057
0.0762777	0.0620921	55.5762
0.0762777	0.0564474	55.201
0.0762777	0.0513158	54.773
0.0762777	0.0466507	54.2795
0.0762777	0.0424098	53.704
0.0762777	0.0385543	52.9879
0.0762777	0.0350494	37.6676
0.0762777	0.0318631	35.3505
0.0762777	0.0289664	33.1575
0.0762777	0.0263331	30.3764
0.0762777	0.0239392	28.1712
0.0762777	0.0217629	27.5955
0.0762777	0.0197845	26.5949
0.0762777	0.0179859	25.571
0.0762777	0.0163508	24.0261
0.0762777	0.0148644	22.9997
0.0762777	0.0135131	22.367
0.0762777	0.0122846	17.1721
0.0762777	0.0111678	14.8617
0.0762777	0.0101526	12.7441
0.0762777	0.0092296	12.4865
0.0762777	0.00839055	12.3536
0.0762777	0.00762777	11.8187
0.0762777	0.00693433	11.2092
0.0762777	0.00630394	10.7802
0.0762777	0.00573086	10.1591
0.0762777	0.00520987	9.86741
0.0762777	0.00473624	9.51386
0.0762777	0.00430568	9.1101
0.0762777	0.00391425	8.72145
0.0762777	0.00355841	8.55902
0.0762777	0.00323492	8.40899
0.0762777	0.00294083	8.28666
0.0762777	0.00267349	8.17642
0.0762777	0.00243044	8.04756
0.0762777	0.00220949	7.85585
0.0762777	0.00200863	7.68958
0.0762777	0.00182603	7.74245
0.0762777	0.00166002	8.09736
0.0762777	0.00150911	8.47172
0.0762777	0.00137192	9.24616
0.0762777	0.0012472	10.0016
0.0762777	0.00113382	11.3881
0.0762777	0.00103074	12.1311
0.0762777	0.000937041	12.7354
0.0762777	0.000851855	13.1846
0.0762777	0.000774414	13.6788
0.0762777	0.000704013	14.2236
0.0762777	0.000640011	14.8098
0.0762777	0.000581829	15.484
0.0762777	0.000528935	15.9769
0.0693433	0.1	60.0168
0.0693433	0.0909091	59.8241
0.0693433	0.0826446	59.6086
0.0693433	0.0751315	59.368
0.0693433	0.0683013	59.0971
0.0693433	0.0620921	58.7916
0.0693433	0.0564474	58.447
0.0693433	0.0513158	58.0549
0.0693433	0.0466507	57.6062
0.0693433	0.0424098	57.0884
0.0693433	0.0385543	56.4824
0.0693433	0.0350494	45.7907
0.0693433	0.0318631	37.7598
0.0693433	0.0289664	35.5207
0.0693433	0.0263331	33.9919
0.0693433	0.0239392	30.999
0.0693433	0.0217629	30.3526
0.0693433	0.0197845	28.3213
0.0693433	0.0179859	27.0547
0.0693433	0.0163508	25.9485
0.0693433	0.0148644	25.3639
0.0693433	0.0135131	23.5973
0.0693433	0.0122846	20.4589
0.0693433	0.0111678	16.9925
0.0693433	0.0101526	13.9552
0.0693433	0.0092296	13.3406
0.0693433	0.00839055	12.6065
0.0693433	0.00762777	12.5045
0.0693433	0.00693433	11.6879
0.0693433	0.00630394	11.1935
0.0693433	0.00573086	10.7988
0.0693433	0.00520987	10.2079
0.0693433	0.00473624	9.86734
0.0693433	0.00430568	9.53933
0.0693433	0.00391425	9.18201
0.0693433	0.00355841	8.78072
0.0693433	0.00323492	8.59426
0.0693433	0.00294083	8.44503
0.0693433	0.00267349	8.32581
0.0693433	0.00243044	8.21438
0.0693433	0.00220949	8.03044
0.0693433	0.00200863	7.7288
0.0693433	0.00182603	7.71169
0.0693433	0.00166002	7.85727
0.0693433	0.00150911	8.13206
0.0693433	0.00137192	8.53337
0.0693433	0.0012472	9.48596
0.0693433	0.00113382	10.3406
0.0693433	0.00103074	11.6826
0.0693433	0.000937041	12.3685
0.0693433	0.000851855	12.9822
0.0693433	0.000774414	13.3913
0.0693433	0.000704013	13.9032
0.0693433	0.000640011	14.4239
0.0693433	0.000581829	14.8877
0.0693433	0.000528935	15.4477
0.0630394	0.1	63.286
0.0630394	0.0909091	63.106
0.0630394	0.0826446	62.9051
0.0630394	0.0751315	62.6805
0.0630394	0.0683013	62.4296
0.0630394	0.0620921	62.1469
0.0630394	0.0564474	61.8282
0.0630394	0.0513158	61.4683
0.0630394	0.0466507	61.0586
0.0630394	0.0424098	60.5893
0.0630394	0.0385543	60.0471
0.0630394	0.0350494	59.4102
0.0630394	0.0318631	42.8064
0.0630394	0.0289664	38.6458
0.0630394	0.0263331	36.0875
0.0630394	0.0239392	34.677
0.0630394	0.0217629	31.9761
0.0630394	0.0197845	31.1676
0.0630394	0.0179859	28.485
0.0630394	0.0163508	27.6639
0.0630394	0.0148644	26.6702
0.0630394	0.0135131	25.9439
0.0630394	0.0122846	24.2984
0.0630394	0.0111678	18.6273
0.0630394	0.0101526	16.9715
0.0630394	0.0092296	13.8468
0.0630394	0.00839055	13.4774
0.0630394	0.00762777	12.7484
0.0630394	0.00693433	12.66
0.0630394	0.00630394	12.0509
0.0630394	0.00573086	11.1295
0.0630394	0.00520987	10.8301
0.0630394	0.00473624	10.5845
0.0630394	0.00430568	9.75788
0.0630394	0.00391425	9.59268
0.0630394	0.00355841	9.23635
0.0630394	0.00323492	8.82368
0.0630394	0.00294083	8.58765
0.0630394	0.00267349	8.48827
0.0630394	0.00243044	8.36011
0.0630394	0.00220949	8.21896
0.0630394	0.00200863	7.97572
0.0630394	0.00182603	7.74394
0.0630394	0.00166002	7.75779
0.0630394	0.00150911	7.8717
0.0630394	0.00137192	8.14517
0.0630394	0.0012472	8.67708
0.0630394	0.00113382	9.7276
0.0630394	0.00103074	10.4078
0.0630394	0.000937041	11.7517
0.0630394	0.000851855	12.579
0.0630394	0.000774414	13.2526
0.0630394	0.000704013	13.6133
0.0630394	0.000640011	14.0869
0.0630394	0.000581829	14.6471
0.0630394	0.000528935	15.0272
0.0573086	0.1	66.7065
0.0573086	0.0909091	66.5392
0.0573086	0.0826446	66.352
0.0573086	0.0751315	66.1431
0.0573086	0.0683013	65.9093
0.0573086	0.0620921	65.6482
0.0573086	0.0564474	65.354
0.0573086	0.0513158	65.0227
0.0573086	0.0466507	64.6469
0.0573086	0.0424098	64.2197
0.0573086	0.0385543	63.73
0.0573086	0.0350494	63.1636
0.0573086	0.0318631	62.4885
0.0573086	0.0289664	42.5754
0.0573086	0.0263331	39.1613
0.0573086	0.0239392	37.0043
0.0573086	0.0217629	35.3255
0.0573086	0.0197845	33.0536
0.0573086	0.0179859	32.054
0.0573086	0.0163508	29.0781
0.0573086	0.0148644	28.014
0.0573086	0.0135131	27.4935
0.0573086	0.0122846	26.6826
0.0573086	0.0111678	25.5295
0.0573086	0.0101526	18.5969
0.0573086	0.0092296	17.2065
0.0573086	0.00839055	13.8643
0.0573086	0.00762777	13.6295
0.0573086	0.00693433	12.9061
0.0573086	0.00630394	12.7742
0.0573086	0.00573086	12.0202
0.0573086	0.00520987	11.1538
0.0573086	0.00473624	10.8937
0.0573086	0.00430568	10.574
0.0573086	0.00391425	9.79569
0.0573086	0.00355841	9.70107
0.0573086	0.00323492	9.34795
0.0573086	0.00294083	9.22867
0.0573086	0.00267349	8.72351
0.0573086	0.00243044	8.6003
0.0573086	0.00220949	8.44359
0.0573086	0.00200863	8.25075
0.0573086	0.00182603	7.91792
0.0573086	0.00166002	7.74853
0.0573086	0.00150911	7.76984
0.0573086	0.00137192	7.94258
0.0573086	0.0012472	8.24874
0.0573086	0.00113382	9.01346
0.0573086	0.00103074	9.88809
0.0573086	0.000937041	10.4483
0.0573086	0.000851855	11.916
0.0573086	0.000774414	12.7926
0.0573086	0.000704013	13.3966
0.0573086	0.000640011	13.8119
0.0573086	0.000581829	14.3423
0.0573086	0.000528935	14.7894
0.0520987	0.1	70.2858
0.0520987	0.0909091	70.1289
0.0520987	0.0826446	69.9554
0.0520987	0.0751315	69.7611
0.0520987	0.0683013	69.5442
0.0520987	0.0620921	69.3015
0.0520987	0.0564474	69.0304
0.0520987	0.0513158	68.7247
0.0520987	0.0466507	68.3804
0.0520987	0.0424098	67.9897
0.0520987	0.0385543	67.5454
0.0520987	0.0350494	67.0356
0.0520987	0.0318631	66.4452
0.0520987	0.0289664	54.6722
0.0520987	0.0263331	42.4102
0.0520987	0.0239392	39.3426
0.0520987	0.0217629	37.733
0.0520987	0.0197845	36.4201
0.0520987	0.0179859	33.7597
0.0520987	0.0163508	32.6139
0.0520987	0.0148644	29.9111
0.0520987	0.0135131	28.7811
0.0520987	0.0122846	28.0265
0.0520987	0.0111678	27.2115
0.0520987	0.0101526	21.6136
0.0520987	0.0092296	18.173
0.0520987	0.00839055	15.9081
0.0520987	0.00762777	13.8885
0.0520987	0.00693433	13.7614
0.0520987	0.00630394	13.5825
0.0520987	0.00573086	12.6592
0.0520987	0.00520987	12.0299
0.0520987	0.00473624	11.1024
0.0520987	0.00430568	10.9721
0.0520987	0.00391425	10.5548
0.0520987	0.00355841	9.84443
0.0520987	0.00323492	9.78654
0.0520987	0.00294083	9.4794
0.0520987	0.00267349	9.26252
0.0520987	0.00243044	8.80789
0.0520987	0.00220949	8.69065
0.0520987	0.00200863	8.57769
0.0520987	0.00182603	8.26181
0.0520987	0.00166002	7.91999
0.0520987	0.00150911	7.79412
0.0520987	0.00137192	7.93973
0.0520987	0.0012472	7.99864
0.0520987	0.00113382	8.50619
0.0520987	0.00103074	9.11814
0.0520987	0.000937041	9.90934
0.0520987	0.000851855	10.334
0.0520987	0.000774414	11.4876
0.0520987	0.000704013	12.7233
0.0520987	0.000640011	13.423
0.0520987	0.000581829	14.0713
0.0520987	0.000528935	14.5627
0.0473624	0.1	74.0285
0.0473624	0.0909091	73.8825
0.0473624	0.0826446	73.72
0.0473624	0.0751315	73.5404
0.0473624	0.0683013	73.3393
0.0473624	0.0620921	73.1146
0.0473624	0.0564474	72.8632
0.0473624	0.0513158	72.5823
0.0473624	0.0466507	72.2655
0.0473624	0.0424098	71.9086
0.0473624	0.0385543	71.5034
0.0473624	0.0350494	71.0423
0.0473624	0.0318631	70.513
0.0473624	0.0289664	69.8993
0.0473624	0.0263331	52.2373
0.0473624	0.0239392	46.0208
0.0473624	0.0217629	43.1507
0.0473624	0.0197845	38.5261
0.0473624	0.0179859	37.8745
0.0473624	0.0163508	36.9253
0.0473624	0.0148644	33.5936
0.0473624	0.0135131	32.2732
0.0473624	0.0122846	29.6154
0.0473624	0.0111678	28.8532
0.0473624	0.0101526	28.2586
0.0473624	0.0092296	21.2407
0.0473624	0.00839055	18.2065
0.0473624	0.00762777	14.8611
0.0473624	0.00693433	14.017
0.0473624	0.00630394	13.9151
0.0473624	0.00573086	13.8591
0.0473624	0.00520987	12.5567
0.0473624	0.00473624	12.084
0.0473624	0.00430568	11.7218
0.0473624	0.00391425	10.9153
0.0473624	0.00355841	10.6049
0.0473624	0.00323492	10.2104
0.0473624	0.00294083	9.89237
0.0473624	0.00267349	9.73254
0.0473624	0.00243044	9.31945
0.0473624	0.00220949	8.92297
0.0473624	0.00200863	8.8965
0.0473624	0.00182603	8.66545
0.0473624	0.00166002	8.24295
0.0473624	0.00150911	8.03052
0.0473624	0.00137192	7.93478
0.0473624	0.0012472	8.0574
0.0473624	0.00113382	8.21657
0.0473624	0.00103074	8.736
0.0473624	0.000937041	9.27802
0.0473624	0.000851855	10.1364
0.0473624	0.000774414	10.5037
0.0473624	0.000704013	11.5109
0.0473624	0.000640011	12.5315
0.0473624	0.000581829	13.4897
0.0473624	0.000528935	14.3579
0.0430568	0.1	77.9397
0.0430568	0.0909091	77.8039
0.0430568	0.0826446	77.6531
0.0430568	0.0751315	77.4854
0.0430568	0.0683013	77.2999
0.0430568	0.0620921	77.0921
0.0430568	0.0564474	76.8601
0.0430568	0.0513158	76.6003
0.0430568	0.0466507	76.31
0.0430568	0.0424098	75.9825
0.0430568	0.0385543	75.6135
0.0430568	0.0350494	75.1944
0.0430568	0.0318631	74.7173
0.0430568	0.0289664	74.1698
0.0430568	0.0263331	73.5327
0.0430568	0.0239392	51.8754
0.0430568	0.0217629	46.4492
0.0430568	0.0197845	44.0591
0.0430568	0.0179859	39.4378
0.0430568	0.0163508	38.711
0.0430568	0.0148644	37.3026
0.0430568	0.0135131	33.9242
0.0430568	0.0122846	32.3929
0.0430568	0.0111678	30.1357
0.0430568	0.0101526	29.4685
0.0430568	0.0092296	28.7315
0.0430568	0.00839055	23.092
0.0430568	0.00762777	21.0611
0.0430568	0.00693433	16.566
0.0430568	0.00630394	14.0931
0.0430568	0.00573086	14.0171
0.0430568	0.00520987	13.9653
0.0430568	0.00473624	13.0408
0.0430568	0.00430568	12.1788
0.0430568	0.00391425	11.8825
0.0430568	0.00355841	10.9008
0.0430568	0.00323492	10.6546
0.0430568	0.00294083	10.3147
0.0430568	0.00267349	10.0112
0.0430568	0.00243044	9.94522
0.0430568	0.00220949	9.39677
0.0430568	0.00200863	9.36835
0.0430568	0.00182603	8.98266
0.0430568	0.00166002	8.79702
0.0430568	0.00150911	8.41903
0.0430568	0.00137192	8.28417
0.0430568	0.0012472	8.2339
0.0430568	0.00113382	8.24643
0.0430568	0.00103074	8.61094
0.0430568	0.000937041	8.96304
0.0430568	0.000851855	9.51811
0.0430568	0.000774414	10.2101
0.0430568	0.000704013	10.7919
0.0430568	0.000640011	11.4701
0.0430568	0.000581829	12.516
0.0430568	0.000528935	13.4552
0.0391425	0.1	82.0239
0.0391425	0.0909091	81.8979
0.0391425	0.0826446	81.7581
0.0391425	0.0751315	81.6028
0.0391425	0.0683013	81.43
0.0391425	0.0620921	81.239
0.0391425	0.0564474	81.025
0.0391425	0.0513158	80.7859
0.0391425	0.0466507	80.5182
0.0391425	0.0424098	80.2191
0.0391425	0.0385543	79.8814
0.0391425	0.0350494	79.501
0.0391425	0.0318631	79.0694
0.0391425	0.0289664	78.5766
0.0391425	0.0263331	78.0115
0.0391425	0.0239392	77.3494
0.0391425	0.0217629	51.8984
0.0391425	0.0197845	46.7591
0.0391425	0.0179859	44.2651
0.0391425	0.0163508	43.2767
0.0391425	0.0148644	39.4471
0.0391425	0.0135131	37.6808
0.0391425	0.0122846	34.3071
0.0391425	0.0111678	33.0307
0.0391425	0.0101526	30.4564
0.0391425	0.0092296	29.9267
0.0391425	0.00839055	24.8501
0.0391425	0.00762777	22.5657
0.0391425	0.00693433	21.6678
0.0391425	0.00630394	17.7396
0.0391425	0.00573086	16.3914
0.0391425	0.00520987	14.4373
0.0391425	0.00473624	14.3704
0.0391425	0.00430568	13.484
0.0391425	0.00391425	12.5117
0.0391425	0.00355841	12.2829
0.0391425	0.00323492	11.0187
0.0391425	0.00294083	10.7416
0.0391425	0.00267349	10.5353
0.0391425	0.00243044	10.3824
0.0391425	0.00220949	10.0425
0.0391425	0.00200863	9.52398
0.0391425	0.00182603	9.5027
0.0391425	0.00166002	9.0697
0.0391425	0.00150911	8.83913
0.0391425	0.00137192	8.62924
0.0391425	0.0012472	8.78498
0.0391425	0.00113382	8.68506
0.0391425	0.00103074	8.59594
0.0391425	0.000937041	8.93348
0.0391425	0.000851855	9.09323
0.0391425	0.000774414	9.57903
0.0391425	0.000704013	10.1641
0.0391425	0.000640011	10.9761
0.0391425	0.000581829	11.856
0.0391425	0.000528935	12.6477
0.0355841	0.1	86.2851
0.0355841	0.0909091	86.1684
0.0355841	0.0826446	86.039
0.0355841	0.0751315	85.8954
0.0355841	0.0683013	85.7359
0.0355841	0.0620921	85.5585
0.0355841	0.0564474	85.3623
0.0355841	0.0513158	85.1424
0.0355841	0.0466507	84.8968
0.0355841	0.0424098	84.6227
0.0355841	0.0385543	84.3144
0.0355841	0.0350494	83.9675
0.0355841	0.0318631	83.5765
0.0355841	0.0289664	83.1327
0.0355841	0.0263331	82.6264
0.0355841	0.0239392	82.0447
0.0355841	0.0217629	62.376
0.0355841	0.0197845	52.0352
0.0355841	0.0179859	48.4098
0.0355841	0.0163508	45.8434
0.0355841	0.0148644	45.2902
0.0355841	0.0135131	41.2568
0.0355841	0.0122846	39.1869
0.0355841	0.0111678	37.5469
0.0355841	0.0101526	34.7987
0.0355841	0.0092296	33.5464
0.0355841	0.00839055	30.8713
0.0355841	0.00762777	25.7739
0.0355841	0.00693433	23.4097
0.0355841	0.00630394	20.4034
0.0355841	0.00573086	19.2509
0.0355841	0.00520987	18.3557
0.0355841	0.00473624	14.6535
0.0355841	0.00430568	14.4615
0.0355841	0.00391425	13.552
0.0355841	0.00355841	13.2345
0.0355841	0.00323492	12.4681
0.0355841	0.00294083	12.2966
0.0355841	0.00267349	10.8487
0.0355841	0.00243044	10.7944
0.0355841	0.00220949	10.5168
0.0355841	0.00200863	10.1424
0.0355841	0.00182603	9.84704
0.0355841	0.00166002	9.64454
0.0355841	0.00150911	9.49251
0.0355841	0.00137192	8.87199
0.0355841	0.0012472	9.10124
0.0355841	0.00113382	9.15053
0.0355841	0.00103074	9.11247
0.0355841	0.000937041	8.87061
0.0355841	0.000851855	8.99191
0.0355841	0.000774414	9.26612
0.0355841	0.000704013	9.64762
0.0355841	0.000640011	10.1895
0.0355841	0.000581829	10.9244
0.0355841	0.000528935	11.7212
0.0323492	0.1	90.7264
0.0323492	0.0909091	90.6186
0.0323492	0.0826446	90.499
0.0323492	0.0751315	90.3666
0.0323492	0.0683013	90.2195
0.0323492	0.0620921	90.0562
0.0323492	0.0564474	89.8746
0.0323492	0.0513158	89.6737
0.0323492	0.0466507	89.4485
0.0323492	0.0424098	89.197
0.0323492	0.0385543	88.9162
0.0323492	0.0350494	88.6005
0.0323492	0.0318631	88.2451
0.0323492	0.0289664	87.8445
0.0323492	0.0263331	87.3899
0.0323492	0.0239392	86.8711
0.0323492	0.0217629	86.2749
0.0323492	0.0197845	62.0234
0.0323492	0.0179859	52.5905
0.0323492	0.0163508	49.4793
0.0323492	0.0148644	47.149
0.0323492	0.0135131	46.4565
0.0323492	0.0122846	41.3678
0.0323492	0.0111678	39.9104
0.0323492	0.0101526	38.1678
0.0323492	0.0092296	35.6964
0.0323492	0.00839055	34.3562
0.0323492	0.00762777	28.5189
0.0323492	0.00693433	25.3514
0.0323492	0.00630394	23.3188
0.0323492	0.00573086	20.3804
0.0323492	0.00520987	19.1477
0.0323492	0.00473624	18.2728
0.0323492	0.00430568	15.1023
0.0323492	0.00391425	14.1799
0.0323492	0.00355841	13.2565
0.0323492	0.00323492	13.1637
0.0323492	0.00294083	12.8662
0.0323492	0.00267349	12.0712
0.0323492	0.00243044	10.8462
0.0323492	0.00220949	10.7795
0.0323492	0.00200863	10.6581
0.0323492	0.00182603	10.5695
0.0323492	0.00166002	10.1224
0.0323492	0.00150911	9.80004
0.0323492	0.00137192	9.63726
0.0323492	0.0012472	9.11747
0.0323492	0.00113382	9.55357
0.0323492	0.00103074	9.55412
0.0323492	0.000937041	9.54942
0.0323492	0.000851855	9.37371
0.0323492	0.000774414	9.24981
0.0323492	0.000704013	9.30921
0.0323492	0.000640011	9.5063
0.0323492	0.000581829	9.78979
0.0323492	0.000528935	10.5471
0.0294083	0.1	95.349
0.0294083	0.0909091	95.2507
0.0294083	0.0826446	95.1406
0.0294083	0.0751315	95.0186
0.0294083	0.0683013	94.8834
0.0294083	0.0620921	94.7334
0.0294083	0.0564474	94.5667
0.0294083	0.0513158	94.3813
0.0294083	0.0466507	94.1762
0.0294083	0.0424098	93.9465
0.0294083	0.0385543	93.6897
0.0294083	0.0350494	93.4031
0.0294083	0.0318631	93.0808
0.0294083	0.0289664	92.718
0.0294083	0.0263331	92.3091
0.0294083	0.0239392	91.8449
0.0294083	0.0217629	91.3153
0.0294083	0.0197845	90.7065
0.0294083	0.0179859	64.0006
0.0294083	0.0163508	55.5711
0.0294083	0.0148644	52.1367
0.0294083	0.0135131	51.2539
0.0294083	0.0122846	50.0139
0.0294083	0.0111678	42.3469
0.0294083	0.0101526	40.4851
0.0294083	0.0092296	39.059
0.0294083	0.00839055	38.5849
0.0294083	0.00762777	35.2311
0.0294083	0.00693433	28.7504
0.0294083	0.00630394	24.4548
0.0294083	0.00573086	22.5649
0.0294083	0.00520987	20.4535
0.0294083	0.00473624	20.129
0.0294083	0.00430568	19.6688
0.0294083	0.00391425	15.7554
0.0294083	0.00355841	14.7289
0.0294083	0.00323492	14.3814
0.0294083	0.00294083	13.7592
0.0294083	0.00267349	13.6377
0.0294083	0.00243044	12.829
0.0294083	0.00220949	12.1347
0.0294083	0.00200863	11.7804
0.0294083	0.00182603	10.8911
0.0294083	0.00166002	10.672
0.0294083	0.00150911	10.3866
0.0294083	0.00137192	10.1434
0.0294083	0.0012472	9.77779
0.0294083	0.00113382	10.1151
0.0294083	0.00103074	9.81778
0.0294083	0.000937041	9.73921
0.0294083	0.000851855	9.45557
0.0294083	0.000774414	9.41043
0.0294083	0.000704013	9.33198
0.0294083	0.000640011	9.39017
0.0294083	0.000581829	9.60264
0.0294083	0.000528935	9.77603
0.0267349	0.1	100.157
0.0267349	0.0909091	100.065
0.0267349	0.0826446	99.9649
0.0267349	0.0751315	99.8529
0.0267349	0.0683013	99.7288
0.0267349	0.0620921	99.5913
0.0267349	0.0564474	99.4387
0.0267349	0.0513158	99.2692
0.0267349	0.0466507	99.0806
0.0267349	0.0424098	98.8721
0.0267349	0.0385543	98.6383
0.0267349	0.0350494	98.3772
0.0267349	0.0318631	98.0857
0.0267349	0.0289664	97.7579
0.0267349	0.0263331	97.3889
0.0267349	0.0239392	96.9729
0.0267349	0.0217629	96.5009
0.0267349	0.0197845	95.9623
0.0267349	0.0179859	95.3432
0.0267349	0.0163508	64.9936
0.0267349	0.0148644	57.3297
0.0267349	0.0135131	53.6651
0.0267349	0.0122846	53.0546
0.0267349	0.0111678	51.1383
