1	1	36.182
1	0.833333	36.1053
1	0.694444	36.0121
1	0.578704	35.8987
1	0.482253	35.7599
1	0.401878	35.5897
1	0.334898	35.3794
1	0.279082	35.1186
1	0.232568	34.7924
1	0.193807	34.3813
1	0.161506	33.8595
1	0.134588	33.2006
1	0.112157	32.4091
1	0.0934639	31.5423
1	0.0778866	30.6556
1	0.0649055	29.8801
1	0.0540879	29.3772
1	0.0450732	29.4622
1	0.037561	30.5578
1	0.0313009	33.1275
1	0.0260841	38.1074
1	0.0217367	46.5539
1	0.0181139	58.3382
1	0.0150949	71.2379
1	0.0125791	82.9224
1	0.0104826	92.1879
1	0.0087355	99.0986
1	0.00727958	104.149
1	0.00606632	107.813
1	0.00505526	110.471
1	0.00421272	112.404
1	0.0035106	113.813
1	0.0029255	114.84
1	0.00243792	115.589
1	0.0020316	116.135
1	0.001693	116.534
1	0.00141083	116.823
1	0.00117569	117.033
0.833333	1	37.3008
0.833333	0.833333	37.2298
0.833333	0.694444	37.1437
0.833333	0.578704	37.0387
0.833333	0.482253	36.9108
0.833333	0.401878	36.7537
0.833333	0.334898	36.5603
0.833333	0.279082	36.3204
0.833333	0.232568	36.0204
0.833333	0.193807	35.6413
0.833333	0.161506	35.1558
0.833333	0.134588	34.5241
0.833333	0.112157	33.7017
0.833333	0.0934639	32.7127
0.833333	0.0778866	31.6303
0.833333	0.0649055	30.4604
0.833333	0.0540879	29.373
0.833333	0.0450732	28.5153
0.833333	0.037561	28.3123
0.833333	0.0313009	29.23
0.833333	0.0260841	31.7455
0.833333	0.0217367	37.0489
0.833333	0.0181139	46.4518
0.833333	0.0150949	59.4625
0.833333	0.0125791	73.2014
0.833333	0.0104826	85.1135
0.833333	0.0087355	94.1653
0.833333	0.00727958	100.735
0.833333	0.00606632	105.444
0.833333	0.00505526	108.815
0.833333	0.00421272	111.235
0.833333	0.0035106	112.982
0.833333	0.0029255	114.247
0.833333	0.00243792	115.165
0.833333	0.0020316	115.831
0.833333	0.001693	116.315
0.833333	0.00141083	116.667
0.833333	0.00117569	116.921
0.694444	1	38.7832
0.694444	0.833333	38.7195
0.694444	0.694444	38.6421
0.694444	0.578704	38.5481
0.694444	0.482253	38.4337
0.694444	0.401878	38.2936
0.694444	0.334898	38.1213
0.694444	0.279082	37.9084
0.694444	0.232568	37.6432
0.694444	0.193807	37.3092
0.694444	0.161506	36.883
0.694444	0.134588	36.3273
0.694444	0.112157	35.5806
0.694444	0.0934639	34.5741
0.694444	0.0778866	33.4043
0.694444	0.0649055	32.1144
0.694444	0.0540879	30.6485
0.694444	0.0450732	29.2506
0.694444	0.037561	28.0215
0.694444	0.0313009	27.5768
0.694444	0.0260841	28.3559
0.694444	0.0217367	30.865
0.694444	0.0181139	36.637
0.694444	0.0150949	47.177
0.694444	0.0125791	61.3488
0.694444	0.0104826	75.6946
0.694444	0.0087355	87.5392
0.694444	0.00727958	96.1995
0.694444	0.00606632	102.348
0.694444	0.00505526	106.687
0.694444	0.00421272	109.757
0.694444	0.0035106	111.944
0.694444	0.0029255	113.513
0.694444	0.00243792	114.642
0.694444	0.0020316	115.459
0.694444	0.001693	116.049
0.694444	0.00141083	116.476
0.694444	0.00117569	116.785
0.578704	1	40.5647
0.578704	0.833333	40.5086
0.578704	0.694444	40.4406
0.578704	0.578704	40.3581
0.578704	0.482253	40.2576
0.578704	0.401878	40.1353
0.578704	0.334898	39.9852
0.578704	0.279082	39.8002
0.578704	0.232568	39.5711
0.578704	0.193807	39.2843
0.578704	0.161506	38.921
0.578704	0.134588	38.4521
0.578704	0.112157	37.8282
0.578704	0.0934639	36.9466
0.578704	0.0778866	35.7278
0.578704	0.0649055	34.419
0.578704	0.0540879	32.9018
0.578704	0.0450732	31.1392
0.578704	0.037561	29.4289
0.578704	0.0313009	27.8237
0.578704	0.0260841	27.2224
0.578704	0.0217367	27.9015
0.578704	0.0181139	30.4869
0.578704	0.0150949	36.947
0.578704	0.0125791	48.7891
0.578704	0.0104826	63.9706
0.578704	0.0087355	78.6263
0.578704	0.00727958	90.0982
0.578704	0.00606632	98.2303
0.578704	0.00505526	103.905
0.578704	0.00421272	107.858
0.578704	0.0035106	110.631
0.578704	0.0029255	112.594
0.578704	0.00243792	113.995
0.578704	0.0020316	115
0.578704	0.001693	115.723
0.578704	0.00141083	116.243
0.578704	0.00117569	116.619
0.482253	1	42.5903
0.482253	0.833333	42.5415
0.482253	0.694444	42.4825
0.482253	0.578704	42.4109
0.482253	0.482253	42.324
0.482253	0.401878	42.2182
0.482253	0.334898	42.0891
0.482253	0.279082	41.9306
0.482253	0.232568	41.735
0.482253	0.193807	41.4917
0.482253	0.161506	41.1862
0.482253	0.134588	40.7969
0.482253	0.112157	40.2888
0.482253	0.0934639	39.594
0.482253	0.0778866	38.5206
0.482253	0.0649055	37.0932
0.482253	0.0540879	35.6812
0.482253	0.0450732	33.8776
0.482253	0.037561	31.8558
0.482253	0.0313009	29.7973
0.482253	0.0260841	27.857
0.482253	0.0217367	27.1938
0.482253	0.0181139	27.8007
0.482253	0.0150949	30.6122
0.482253	0.0125791	38.069
0.482253	0.0104826	51.3008
0.482253	0.0087355	67.2587
0.482253	0.00727958	81.8589
0.482253	0.00606632	92.6929
0.482253	0.00505526	100.209
0.482253	0.00421272	105.38
0.482253	0.0035106	108.948
0.482253	0.0029255	111.433
0.482253	0.00243792	113.186
0.482253	0.0020316	114.431
0.482253	0.001693	115.32
0.482253	0.00141083	115.958
0.482253	0.00117569	116.416
0.401878	1	44.816
0.401878	0.833333	44.7739
0.401878	0.694444	44.723
0.401878	0.578704	44.6613
0.401878	0.482253	44.5866
0.401878	0.401878	44.4958
0.401878	0.334898	44.3852
0.401878	0.279082	44.2502
0.401878	0.232568	44.0841
0.401878	0.193807	43.8789
0.401878	0.161506	43.6232
0.401878	0.134588	43.3008
0.401878	0.112157	42.8874
0.401878	0.0934639	42.3415
0.401878	0.0778866	41.5628
0.401878	0.0649055	40.1739
0.401878	0.0540879	38.6366
0.401878	0.0450732	37.0867
0.401878	0.037561	34.9273
0.401878	0.0313009	32.7181
0.401878	0.0260841	30.2317
0.401878	0.0217367	28.1125
0.401878	0.0181139	27.4206
0.401878	0.0150949	27.9871
0.401878	0.0125791	31.2649
0.401878	0.0104826	40.0724
0.401878	0.0087355	54.6657
0.401878	0.00727958	71.1064
0.401878	0.00606632	85.2297
0.401878	0.00505526	95.2461
0.401878	0.00421272	102.095
0.401878	0.0035106	106.756
0.401878	0.0029255	109.949
0.401878	0.00243792	112.163
0.401878	0.0020316	113.72
0.401878	0.001693	114.822
0.401878	0.00141083	115.607
0.401878	0.00117569	116.167
0.334898	1	47.2098
0.334898	0.833333	47.1734
0.334898	0.694444	47.1296
0.334898	0.578704	47.0766
0.334898	0.482253	47.0125
0.334898	0.401878	46.9347
0.334898	0.334898	46.8401
0.334898	0.279082	46.7248
0.334898	0.232568	46.5841
0.334898	0.193807	46.4107
0.334898	0.161506	46.1963
0.334898	0.134588	45.9285
0.334898	0.112157	45.5898
0.334898	0.0934639	45.153
0.334898	0.0778866	44.5687
0.334898	0.0649055	43.6556
0.334898	0.0540879	41.8469
0.334898	0.0450732	40.2989
0.334898	0.037561	38.5253
0.334898	0.0313009	35.9811
0.334898	0.0260841	33.6315
0.334898	0.0217367	30.6394
0.334898	0.0181139	28.5803
0.334898	0.0150949	27.8464
0.334898	0.0125791	28.451
0.334898	0.0104826	32.5431
0.334898	0.0087355	42.9964
0.334898	0.00727958	58.7826
0.334898	0.00606632	75.3545
0.334898	0.00505526	88.5901
0.334898	0.00421272	97.7039
0.334898	0.0035106	103.863
0.334898	0.0029255	108.025
0.334898	0.00243792	110.859
0.334898	0.0020316	112.823
0.334898	0.001693	114.199
0.334898	0.00141083	115.171
0.334898	0.00117569	115.861
0.279082	1	49.7511
0.279082	0.833333	49.7197
0.279082	0.694444	49.6819
0.279082	0.578704	49.6363
0.279082	0.482253	49.5811
0.279082	0.401878	49.5143
0.279082	0.334898	49.4333
0.279082	0.279082	49.3347
0.279082	0.232568	49.2145
0.279082	0.193807	49.0677
0.279082	0.161506	48.8867
0.279082	0.134588	48.6626
0.279082	0.112157	48.3823
0.279082	0.0934639	48.0266
0.279082	0.0778866	47.5654
0.279082	0.0649055	46.9396
0.279082	0.0540879	45.6559
0.279082	0.0450732	43.6117
0.279082	0.037561	41.9735
0.279082	0.0313009	39.8779
0.279082	0.0260841	37.0392
0.279082	0.0217367	34.4189
0.279082	0.0181139	31.0804
0.279082	0.0150949	29.1566
0.279082	0.0125791	28.3695
0.279082	0.0104826	29.183
0.279082	0.0087355	34.5969
0.279082	0.00727958	46.8592
0.279082	0.00606632	63.5268
0.279082	0.00505526	79.7664
0.279082	0.00421272	91.8278
0.279082	0.0035106	100.024
0.279082	0.0029255	105.499
0.279082	0.00243792	109.179
0.279082	0.0020316	111.681
0.279082	0.001693	113.414
0.279082	0.00141083	114.627
0.279082	0.00117569	115.482
0.232568	1	52.4311
0.232568	0.833333	52.4038
0.232568	0.694444	52.3711
0.232568	0.578704	52.3316
0.232568	0.482253	52.2838
0.232568	0.401878	52.2261
0.232568	0.334898	52.1563
0.232568	0.279082	52.0716
0.232568	0.232568	51.9685
0.232568	0.193807	51.8427
0.232568	0.161506	51.689
0.232568	0.134588	51.4995
0.232568	0.112157	51.2646
0.232568	0.0934639	50.9702
0.232568	0.0778866	50.5957
0.232568	0.0649055	50.1078
0.232568	0.0540879	49.4333
0.232568	0.0450732	47.3454
0.232568	0.037561	45.4084
0.232568	0.0313009	43.5478
0.232568	0.0260841	41.0339
0.232568	0.0217367	38.1191
0.232568	0.0181139	34.863
0.232568	0.0150949	31.5063
0.232568	0.0125791	29.7599
0.232568	0.0104826	28.95
0.232568	0.0087355	30.2752
0.232568	0.00727958	37.5025
0.232568	0.00606632	51.5622
0.232568	0.00505526	68.7499
0.232568	0.00421272	84.1071
0.232568	0.0035106	94.8973
0.232568	0.0029255	102.173
0.232568	0.00243792	106.994
0.232568	0.0020316	110.221
0.232568	0.001693	112.42
0.232568	0.00141083	113.944
0.232568	0.00117569	115.009
0.193807	1	55.2513
0.193807	0.833333	55.2275
0.193807	0.694444	55.1988
0.193807	0.578704	55.1644
0.193807	0.482253	55.1228
0.193807	0.401878	55.0726
0.193807	0.334898	55.0119
0.193807	0.279082	54.9384
0.193807	0.232568	54.8492
0.193807	0.193807	54.7407
0.193807	0.161506	54.6083
0.193807	0.134588	54.4465
0.193807	0.112157	54.2468
0.193807	0.0934639	53.9992
0.193807	0.0778866	53.6884
0.193807	0.0649055	53.2922
0.193807	0.0540879	52.7735
0.193807	0.0450732	52.0217
0.193807	0.037561	49.1068
0.193807	0.0313009	47.2233
0.193807	0.0260841	44.8675
0.193807	0.0217367	42.1494
0.193807	0.0181139	38.9305
0.193807	0.0150949	35.1854
0.193807	0.0125791	32.1362
0.193807	0.0104826	30.3903
0.193807	0.0087355	29.5256
0.193807	0.00727958	31.8816
0.193807	0.00606632	41.3771
0.193807	0.00505526	56.9507
0.193807	0.00421272	74.2305
0.193807	0.0035106	88.2098
0.193807	0.0029255	97.7726
0.193807	0.00243792	104.138
0.193807	0.0020316	108.343
0.193807	0.001693	111.157
0.193807	0.00141083	113.082
0.193807	0.00117569	114.416
0.161506	1	58.2225
0.161506	0.833333	58.2015
0.161506	0.694444	58.1763
0.161506	0.578704	58.1459
0.161506	0.482253	58.1093
0.161506	0.401878	58.0653
0.161506	0.334898	58.012
0.161506	0.279082	57.9477
0.161506	0.232568	57.8697
0.161506	0.193807	57.7752
0.161506	0.161506	57.6602
0.161506	0.134588	57.5197
0.161506	0.112157	57.3481
0.161506	0.0934639	57.1362
0.161506	0.0778866	56.8733
0.161506	0.0649055	56.543
0.161506	0.0540879	56.121
0.161506	0.0450732	55.566
0.161506	0.037561	53.9713
0.161506	0.0313009	50.8156
0.161506	0.0260841	48.7612
0.161506	0.0217367	46.183
0.161506	0.0181139	43.2725
0.161506	0.0150949	39.3875
0.161506	0.0125791	35.486
0.161506	0.0104826	32.6515
0.161506	0.0087355	30.8245
0.161506	0.00727958	30.1761
0.161506	0.00606632	33.8765
0.161506	0.00505526	46.2573
0.161506	0.00421272	62.911
0.161506	0.0035106	79.6074
0.161506	0.0029255	91.9865
0.161506	0.00243792	100.407
0.161506	0.0020316	105.917
0.161506	0.001693	109.551
0.161506	0.00141083	111.996
0.161506	0.00117569	113.672
0.134588	1	61.3637
0.134588	0.833333	61.345
0.134588	0.694444	61.3226
0.134588	0.578704	61.2956
0.134588	0.482253	61.2632
0.134588	0.401878	61.224
0.134588	0.334898	61.1769
0.134588	0.279082	61.12
0.134588	0.232568	61.0512
0.134588	0.193807	60.9678
0.134588	0.161506	60.8668
0.134588	0.134588	60.7438
0.134588	0.112157	60.5936
0.134588	0.0934639	60.4101
0.134588	0.0778866	60.1834
0.134588	0.0649055	59.9021
0.134588	0.0540879	59.5484
0.134588	0.0450732	59.096
0.134588	0.037561	58.4976
0.134588	0.0313009	55.3942
0.134588	0.0260841	52.6878
0.134588	0.0217367	49.6628
0.134588	0.0181139	47.3283
0.134588	0.0150949	44.486
0.134588	0.0125791	39.557
0.134588	0.0104826	35.9483
0.134588	0.0087355	33.1425
0.134588	0.00727958	31.2186
0.134588	0.00606632	31.2614
0.134588	0.00505526	36.1524
0.134588	0.00421272	51.5402
0.134588	0.0035106	69.2395
0.134588	0.0029255	84.6668
0.134588	0.00243792	95.4901
0.134588	0.0020316	102.777
0.134588	0.001693	107.501
0.134588	0.00141083	110.63
0.134588	0.00117569	112.745
0.112157	1	64.7004
0.112157	0.833333	64.6836
0.112157	0.694444	64.6636
0.112157	0.578704	64.6394
0.112157	0.482253	64.6103
0.112157	0.401878	64.5753
0.112157	0.334898	64.5331
0.112157	0.279082	64.4823
0.112157	0.232568	64.421
0.112157	0.193807	64.3468
0.112157	0.161506	64.257
0.112157	0.134588	64.148
0.112157	0.112157	64.0155
0.112157	0.0934639	63.8536
0.112157	0.0778866	63.6558
0.112157	0.0649055	63.4114
0.112157	0.0540879	63.1081
0.112157	0.0450732	62.7265
0.112157	0.037561	62.2377
0.112157	0.0313009	61.5879
0.112157	0.0260841	56.8336
0.112157	0.0217367	54.3639
0.112157	0.0181139	50.8289
0.112157	0.0150949	48.4084
0.112157	0.0125791	45.3424
0.112157	0.0104826	39.3349
0.112157	0.0087355	36.3974
0.112157	0.00727958	33.5976
0.112157	0.00606632	31.827
0.112157	0.00505526	32.3224
0.112157	0.00421272	39.0516
0.112157	0.0035106	57.2861
0.112157	0.0029255	75.528
0.112157	0.00243792	89.2293
0.112157	0.0020316	98.679
0.112157	0.001693	104.887
0.112157	0.00141083	108.901
0.112157	0.00117569	111.59
0.0934639	1	68.2632
0.0934639	0.833333	68.2481
0.0934639	0.694444	68.2299
0.0934639	0.578704	68.2081
0.0934639	0.482253	68.1819
0.0934639	0.401878	68.1503
0.0934639	0.334898	68.1123
0.0934639	0.279082	68.0665
0.0934639	0.232568	68.0114
0.0934639	0.193807	67.9448
0.0934639	0.161506	67.8643
0.0934639	0.134588	67.7668
0.0934639	0.112157	67.6485
0.0934639	0.0934639	67.5046
0.0934639	0.0778866	67.329
0.0934639	0.0649055	67.1143
0.0934639	0.0540879	66.8491
0.0934639	0.0450732	66.5198
0.0934639	0.037561	66.1054
0.0934639	0.0313009	65.5738
0.0934639	0.0260841	64.8017
0.0934639	0.0217367	58.5495
0.0934639	0.0181139	55.5909
0.0934639	0.0150949	51.7491
0.0934639	0.0125791	48.7511
0.0934639	0.0104826	45.8844
0.0934639	0.0087355	39.9178
0.0934639	0.00727958	36.8089
0.0934639	0.00606632	33.9643
0.0934639	0.00505526	32.4308
0.0934639	0.00421272	34.0375
0.0934639	0.0035106	41.7398
0.0934639	0.0029255	63.0831
0.0934639	0.00243792	81.4272
0.0934639	0.0020316	93.3269
0.0934639	0.001693	101.499
0.0934639	0.00141083	106.735
0.0934639	0.00117569	110.139
0.0778866	1	72.0864
0.0778866	0.833333	72.0727
0.0778866	0.694444	72.0562
0.0778866	0.578704	72.0364
0.0778866	0.482253	72.0126
0.0778866	0.401878	71.9839
0.0778866	0.334898	71.9495
0.0778866	0.279082	71.908
0.0778866	0.232568	71.858
0.0778866	0.193807	71.7979
0.0778866	0.161506	71.7252
0.0778866	0.134588	71.6373
0.0778866	0.112157	71.5309
0.0778866	0.0934639	71.4019
0.0778866	0.0778866	71.2449
0.0778866	0.0649055	71.0537
0.0778866	0.0540879	70.819
0.0778866	0.0450732	70.5299
0.0778866	0.037561	70.1702
0.0778866	0.0313009	69.718
0.0778866	0.0260841	69.1371
0.0778866	0.0217367	65.6539
0.0778866	0.0181139	60.051
0.0778866	0.0150949	55.7963
0.0778866	0.0125791	53.4612
0.0778866	0.0104826	49.7865
0.0778866	0.0087355	45.8972
0.0778866	0.00727958	40.9601
0.0778866	0.00606632	37.3426
0.0778866	0.00505526	34.4417
0.0778866	0.00421272	33.6086
0.0778866	0.0035106	36.2769
0.0778866	0.0029255	44.8861
0.0778866	0.00243792	66.5081
0.0778866	0.0020316	86.7445
0.0778866	0.001693	97.0824
0.0778866	0.00141083	103.963
0.0778866	0.00117569	108.326
0.0649055	1	76.2065
0.0649055	0.833333	76.194
0.0649055	0.694444	76.179
0.0649055	0.578704	76.1609
0.0649055	0.482253	76.1392
0.0649055	0.401878	76.1132
0.0649055	0.334898	76.0818
0.0649055	0.279082	76.0441
0.0649055	0.232568	75.9986
0.0649055	0.193807	75.9439
0.0649055	0.161506	75.8778
0.0649055	0.134588	75.7984
0.0649055	0.112157	75.7022
0.0649055	0.0934639	75.5857
0.0649055	0.0778866	75.4443
0.0649055	0.0649055	75.2723
0.0649055	0.0540879	75.063
0.0649055	0.0450732	74.8059
0.0649055	0.037561	74.4894
0.0649055	0.0313009	74.0957
0.0649055	0.0260841	73.6
0.0649055	0.0217367	72.963
0.0649055	0.0181139	67.8786
0.0649055	0.0150949	62.4244
0.0649055	0.0125791	57.601
0.0649055	0.0104826	54.7722
0.0649055	0.0087355	51.9612
0.0649055	0.00727958	46.6268
0.0649055	0.00606632	42.0752
0.0649055	0.00505526	37.5978
0.0649055	0.00421272	35.0136
0.0649055	0.0035106	34.9187
0.0649055	0.0029255	38.446
0.0649055	0.00243792	47.474
0.0649055	0.0020316	67.2578
0.0649055	0.001693	90.6291
0.0649055	0.00141083	100.348
0.0649055	0.00117569	106.075
0.0540879	1	80.6612
0.0540879	0.833333	80.6498
0.0540879	0.694444	80.636
0.0540879	0.578704	80.6196
0.0540879	0.482253	80.5998
0.0540879	0.401878	80.576
0.0540879	0.334898	80.5474
0.0540879	0.279082	80.513
0.0540879	0.232568	80.4716
0.0540879	0.193807	80.4218
0.0540879	0.161506	80.3617
0.0540879	0.134588	80.2892
0.0540879	0.112157	80.2021
0.0540879	0.0934639	80.0965
0.0540879	0.0778866	79.9687
0.0540879	0.0649055	79.8136
0.0540879	0.0540879	79.625
0.0540879	0.0450732	79.3952
0.0540879	0.037561	79.1132
0.0540879	0.0313009	78.7659
0.0540879	0.0260841	78.3338
0.0540879	0.0217367	77.7897
0.0540879	0.0181139	77.0902
0.0540879	0.0150949	66.425
0.0540879	0.0125791	63.6735
0.0540879	0.0104826	59.9068
0.0540879	0.0087355	56.5541
0.0540879	0.00727958	53.1289
0.0540879	0.00606632	47.4144
0.0540879	0.00505526	43.6553
0.0540879	0.00421272	38.7681
0.0540879	0.0035106	35.8029
0.0540879	0.0029255	36.8284
0.0540879	0.00243792	40.4581
0.0540879	0.0020316	50.2665
0.0540879	0.001693	68.5724
0.0540879	0.00141083	93.9226
0.0540879	0.00117569	103.147
0.0450732	1	85.4885
0.0450732	0.833333	85.478
0.0450732	0.694444	85.4655
0.0450732	0.578704	85.4505
0.0450732	0.482253	85.4324
0.0450732	0.401878	85.4107
0.0450732	0.334898	85.3846
0.0450732	0.279082	85.3532
0.0450732	0.232568	85.3155
0.0450732	0.193807	85.2701
0.0450732	0.161506	85.2154
0.0450732	0.134588	85.1495
0.0450732	0.112157	85.07
0.0450732	0.0934639	84.9745
0.0450732	0.0778866	84.8586
0.0450732	0.0649055	84.7184
0.0450732	0.0540879	84.5482
0.0450732	0.0450732	84.3412
0.0450732	0.037561	84.0891
0.0450732	0.0313009	83.7796
0.0450732	0.0260841	83.3984
0.0450732	0.0217367	82.9241
0.0450732	0.0181139	82.3268
0.0450732	0.0150949	81.5574
0.0450732	0.0125791	68.4723
0.0450732	0.0104826	63.9531
0.0450732	0.0087355	61.4903
0.0450732	0.00727958	58.1853
0.0450732	0.00606632	55.0894
0.0450732	0.00505526	49.7463
0.0450732	0.00421272	44.9965
0.0450732	0.0035106	39.8765
0.0450732	0.0029255	38.2497
0.0450732	0.00243792	38.9522
0.0450732	0.0020316	42.435
0.0450732	0.001693	52.3169
0.0450732	0.00141083	68.095
0.0450732	0.00117569	94.1077
0.037561	1	90.7258
0.037561	0.833333	90.7163
0.037561	0.694444	90.7049
0.037561	0.578704	90.6912
0.037561	0.482253	90.6747
0.037561	0.401878	90.6549
0.037561	0.334898	90.6312
0.037561	0.279082	90.6026
0.037561	0.232568	90.5682
0.037561	0.193807	90.5269
0.037561	0.161506	90.4771
0.037561	0.134588	90.4172
0.037561	0.112157	90.3451
0.037561	0.0934639	90.258
0.037561	0.0778866	90.1528
0.037561	0.0649055	90.0264
0.037561	0.0540879	89.8727
0.037561	0.0450732	89.6863
0.037561	0.037561	89.4594
0.037561	0.0313009	89.1832
0.037561	0.0260841	88.8439
0.037561	0.0217367	88.426
0.037561	0.0181139	87.9061
0.037561	0.0150949	87.2511
0.037561	0.0125791	81.0636
0.037561	0.0104826	71.0988
0.037561	0.0087355	64.786
0.037561	0.00727958	63.2947
0.037561	0.00606632	60.2439
0.037561	0.00505526	56.9911
0.037561	0.00421272	53.0986
0.037561	0.0035106	47.1079
0.037561	0.0029255	42.3402
0.037561	0.00243792	40.1629
0.037561	0.0020316	40.3234
0.037561	0.001693	44.1514
0.037561	0.00141083	53.6111
0.037561	0.00117569	68.1058
0.0313009	1	96.4096
0.0313009	0.833333	96.4009
0.0313009	0.694444	96.3906
0.0313009	0.578704	96.3781
0.0313009	0.482253	96.3631
0.0313009	0.401878	96.3451
0.0313009	0.334898	96.3235
0.0313009	0.279082	96.2975
0.0313009	0.232568	96.2663
0.0313009	0.193807	96.2288
0.0313009	0.161506	96.1837
0.0313009	0.134588	96.1293
0.0313009	0.112157	96.0639
0.0313009	0.0934639	95.985
0.0313009	0.0778866	95.8899
0.0313009	0.0649055	95.775
0.0313009	0.0540879	95.6368
0.0313009	0.0450732	95.469
0.0313009	0.037561	95.2652
0.0313009	0.0313009	95.0172
0.0313009	0.0260841	94.7152
0.0313009	0.0217367	94.3443
0.0313009	0.0181139	93.8873
0.0313009	0.0150949	93.3187
0.0313009	0.0125791	92.6027
0.0313009	0.0104826	80.199
0.0313009	0.0087355	77.049
0.0313009	0.00727958	66.6747
0.0313009	0.00606632	65.1345
0.0313009	0.00505526	63.4728
0.0313009	0.00421272	60.9253
0.0313009	0.0035106	55.6356
0.0313009	0.0029255	49.7121
0.0313009	0.00243792	44.7216
0.0313009	0.0020316	41.5504
0.0313009	0.001693	41.9264
0.0313009	0.00141083	44.7436
0.0313009	0.00117569	54.0114
0.0260841	1	102.574
0.0260841	0.833333	102.566
0.0260841	0.694444	102.557
0.0260841	0.578704	102.545
0.0260841	0.482253	102.532
0.0260841	0.401878	102.516
0.0260841	0.334898	102.496
0.0260841	0.279082	102.473
0.0260841	0.232568	102.444
0.0260841	0.193807	102.41
0.0260841	0.161506	102.369
0.0260841	0.134588	102.32
0.0260841	0.112157	102.261
0.0260841	0.0934639	102.19
0.0260841	0.0778866	102.104
0.0260841	0.0649055	102.001
0.0260841	0.0540879	101.876
0.0260841	0.0450732	101.724
0.0260841	0.037561	101.543
0.0260841	0.0313009	101.321
0.0260841	0.0260841	101.051
0.0260841	0.0217367	100.722
0.0260841	0.0181139	100.318
0.0260841	0.0150949	99.8199
0.0260841	0.0125791	99.2003
0.0260841	0.0104826	98.42
0.0260841	0.0087355	83.3059
0.0260841	0.00727958	74.6018
0.0260841	0.00606632	68.9726
0.0260841	0.00505526	68.3308
0.0260841	0.00421272	67.2586
0.0260841	0.0035106	63.004
0.0260841	0.0029255	57.7417
0.0260841	0.00243792	53.383
0.0260841	0.0020316	47.2548
0.0260841	0.001693	43.2023
0.0260841	0.00141083	43.3646
0.0260841	0.00117569	45.9319
0.0217367	1	109.25
0.0217367	0.833333	109.243
0.0217367	0.694444	109.235
0.0217367	0.578704	109.224
0.0217367	0.482253	109.212
0.0217367	0.401878	109.197
0.0217367	0.334898	109.18
0.0217367	0.279082	109.159
0.0217367	0.232568	109.133
0.0217367	0.193807	109.103
0.0217367	0.161506	109.066
0.0217367	0.134588	109.022
0.0217367	0.112157	108.969
0.0217367	0.0934639	108.905
0.0217367	0.0778866	108.827
0.0217367	0.0649055	108.735
0.0217367	0.0540879	108.622
0.0217367	0.0450732	108.487
0.0217367	0.037561	108.323
0.0217367	0.0313009	108.126
0.0217367	0.0260841	107.886
0.0217367	0.0217367	107.593
0.0217367	0.0181139	107.237
0.0217367	0.0150949	106.799
0.0217367	0.0125791	106.259
0.0217367	0.0104826	105.587
0.0217367	0.0087355	104.741
0.0217367	0.00727958	87.6341
0.0217367	0.00606632	78.8166
0.0217367	0.00505526	78.2083
0.0217367	0.00421272	72.2107
0.0217367	0.0035106	70.9011
0.0217367	0.0029255	66.1388
0.0217367	0.00243792	61.228
0.0217367	0.0020316	55.5333
0.0217367	0.001693	50.1294
0.0217367	0.00141083	46.7315
0.0217367	0.00117569	44.3291
0.0181139	1	116.464
0.0181139	0.833333	116.458
0.0181139	0.694444	116.45
0.0181139	0.578704	116.441
0.0181139	0.482253	116.43
0.0181139	0.401878	116.417
0.0181139	0.334898	116.401
0.0181139	0.279082	116.382
0.0181139	0.232568	116.359
0.0181139	0.193807	116.332
0.0181139	0.161506	116.299
0.0181139	0.134588	116.259
0.0181139	0.112157	116.212
0.0181139	0.0934639	116.155
0.0181139	0.0778866	116.086
0.0181139	0.0649055	116.003
0.0181139	0.0540879	115.903
0.0181139	0.0450732	115.782
0.0181139	0.037561	115.637
0.0181139	0.0313009	115.46
0.0181139	0.0260841	115.249
0.0181139	0.0217367	114.99
0.0181139	0.0181139	114.675
0.0181139	0.0150949	114.291
0.0181139	0.0125791	113.819
0.0181139	0.0104826	113.238
0.0181139	0.0087355	112.514
0.0181139	0.00727958	111.602
0.0181139	0.00606632	91.0301
0.0181139	0.00505526	81.2728
0.0181139	0.00421272	81.3146
0.0181139	0.0035106	74.8829
0.0181139	0.0029255	70.9837
0.0181139	0.00243792	66.5943
0.0181139	0.0020316	65.0344
0.0181139	0.001693	60.5762
0.0181139	0.00141083	54.6455
0.0181139	0.00117569	51.0262
0.0150949	1	124.234
0.0150949	0.833333	124.229
0.0150949	0.694444	124.222
0.0150949	0.578704	124.214
0.0150949	0.482253	124.204
0.0150949	0.401878	124.192
0.0150949	0.334898	124.178
0.0150949	0.279082	124.162
0.0150949	0.232568	124.141
0.0150949	0.193807	124.117
0.0150949	0.161506	124.088
0.0150949	0.134588	124.053
0.0150949	0.112157	124.011
0.0150949	0.0934639	123.96
0.0150949	0.0778866	123.899
0.0150949	0.0649055	123.825
0.0150949	0.0540879	123.737
0.0150949	0.0450732	123.63
0.0150949	0.037561	123.501
0.0150949	0.0313009	123.346
0.0150949	0.0260841	123.158
0.0150949	0.0217367	122.931
0.0150949	0.0181139	122.655
0.0150949	0.0150949	122.319
0.0150949	0.0125791	121.909
0.0150949	0.0104826	121.405
0.0150949	0.0087355	120.783
0.0150949	0.00727958	120.009
0.0150949	0.00606632	113.482
0.0150949	0.00505526	84.7121
0.0150949	0.00421272	85.1707
0.0150949	0.0035106	84.8984
0.0150949	0.0029255	77.8977
0.0150949	0.00243792	77.0124
0.0150949	0.0020316	72.4894
0.0150949	0.001693	68.139
0.0150949	0.00141083	63.8855
0.0150949	0.00117569	58.7667
0.0125791	1	132.571
0.0125791	0.833333	132.567
0.0125791	0.694444	132.561
0.0125791	0.578704	132.553
0.0125791	0.482253	132.545
0.0125791	0.401878	132.535
0.0125791	0.334898	132.522
0.0125791	0.279082	132.507
0.0125791	0.232568	132.49
0.0125791	0.193807	132.468
0.0125791	0.161506	132.443
0.0125791	0.134588	132.412
0.0125791	0.112157	132.375
0.0125791	0.0934639	132.33
0.0125791	0.0778866	132.276
0.0125791	0.0649055	132.212
0.0125791	0.0540879	132.134
0.0125791	0.0450732	132.041
0.0125791	0.037561	131.928
0.0125791	0.0313009	131.792
0.0125791	0.0260841	131.627
0.0125791	0.0217367	131.428
0.0125791	0.0181139	131.189
0.0125791	0.0150949	130.897
0.0125791	0.0125791	130.54
0.0125791	0.0104826	130.106
0.0125791	0.0087355	129.573
0.0125791	0.00727958	128.914
0.0125791	0.00606632	128.094
0.0125791	0.00505526	119.58
0.0125791	0.00421272	88.1183
0.0125791	0.0035106	88.1653
0.0125791	0.0029255	88.1556
0.0125791	0.00243792	88.1425
0.0125791	0.0020316	79.7919
0.0125791	0.001693	75.5292
0.0125791	0.00141083	71.0871
0.0125791	0.00117569	66.415
0.0104826	1	141.475
0.0104826	0.833333	141.471
0.0104826	0.694444	141.465
0.0104826	0.578704	141.459
0.0104826	0.482253	141.452
0.0104826	0.401878	141.443
0.0104826	0.334898	141.432
0.0104826	0.279082	141.419
0.0104826	0.232568	141.404
0.0104826	0.193807	141.385
0.0104826	0.161506	141.363
0.0104826	0.134588	141.336
0.0104826	0.112157	141.303
0.0104826	0.0934639	141.265
0.0104826	0.0778866	141.218
0.0104826	0.0649055	141.162
0.0104826	0.0540879	141.094
0.0104826	0.0450732	141.013
0.0104826	0.037561	140.915
0.0104826	0.0313009	140.797
0.0104826	0.0260841	140.655
0.0104826	0.0217367	140.483
0.0104826	0.0181139	140.274
0.0104826	0.0150949	140.024
0.0104826	0.0125791	139.718
0.0104826	0.0104826	139.345
0.0104826	0.0087355	138.89
0.0104826	0.00727958	138.331
0.0104826	0.00606632	137.641
0.0104826	0.00505526	136.781
0.0104826	0.00421272	124.945
0.0104826	0.0035106	92.5276
0.0104826	0.0029255	92.5471
0.0104826	0.00243792	92.5274
0.0104826	0.0020316	92.4715
0.0104826	0.001693	82.5593
0.0104826	0.00141083	81.9323
0.0104826	0.00117569	75.5717
