1	0.01	1.37487
1	0.00833333	1.41678
1	0.00694444	1.47604
1	0.00578704	1.57332
1	0.00482253	1.70484
1	0.00401878	1.92124
1	0.00334898	2.27254
1	0.00279082	2.7836
1	0.00232568	3.44969
1	0.00193807	4.25809
1	0.00161506	5.1406
1	0.00134588	6.00929
1	0.00112157	6.7891
1	0.000934639	7.45272
1	0.000778866	7.99575
1	0.000649055	8.42507
1	0.000540879	8.7588
1	0.000450732	9.01728
1	0.00037561	9.21707
1	0.000313009	9.37042
1	0.000260841	9.48785
1	0.000217367	9.5779
1	0.000181139	9.64692
1	0.000150949	9.69981
1	0.000125791	9.74031
1	0.000104826	9.77132
0.833333	0.01	1.20847
0.833333	0.00833333	1.23284
0.833333	0.00694444	1.26788
0.833333	0.00578704	1.32069
0.833333	0.00482253	1.41468
0.833333	0.00401878	1.53859
0.833333	0.00334898	1.75901
0.833333	0.00279082	2.12763
0.833333	0.00232568	2.65905
0.833333	0.00193807	3.36744
0.833333	0.00161506	4.2341
0.833333	0.00134588	5.17542
0.833333	0.00112157	6.08394
0.833333	0.000934639	6.88091
0.833333	0.000778866	7.54831
0.833333	0.000649055	8.08511
0.833333	0.000540879	8.50224
0.833333	0.000450732	8.82327
0.833333	0.00037561	9.07036
0.833333	0.000313009	9.26012
0.833333	0.000260841	9.40461
0.833333	0.000217367	9.51482
0.833333	0.000181139	9.59909
0.833333	0.000150949	9.66352
0.833333	0.000125791	9.71275
0.833333	0.000104826	9.75036
0.694444	0.01	1.0938
0.694444	0.00833333	1.10366
0.694444	0.00694444	1.12215
0.694444	0.00578704	1.15142
0.694444	0.00482253	1.20138
0.694444	0.00401878	1.29241
0.694444	0.00334898	1.41214
0.694444	0.00279082	1.6458
0.694444	0.00232568	2.0347
0.694444	0.00193807	2.58283
0.694444	0.00161506	3.33888
0.694444	0.00134588	4.26137
0.694444	0.00112157	5.2569
0.694444	0.000934639	6.19168
0.694444	0.000778866	6.99537
0.694444	0.000649055	7.65749
0.694444	0.000540879	8.18114
0.694444	0.000450732	8.58185
0.694444	0.00037561	8.88821
0.694444	0.000313009	9.12311
0.694444	0.000260841	9.30208
0.694444	0.000217367	9.43746
0.694444	0.000181139	9.54052
0.694444	0.000150949	9.61919
0.694444	0.000125791	9.67919
0.694444	0.000104826	9.72491
0.578704	0.01	1.02854
0.578704	0.00833333	1.02335
0.578704	0.00694444	1.02669
0.578704	0.00578704	1.04046
0.578704	0.00482253	1.06616
0.578704	0.00401878	1.11615
0.578704	0.00334898	1.20393
0.578704	0.00279082	1.3221
0.578704	0.00232568	1.57931
0.578704	0.00193807	1.99147
0.578704	0.00161506	2.5589
0.578704	0.00134588	3.36788
0.578704	0.00112157	4.34392
0.578704	0.000934639	5.38475
0.578704	0.000778866	6.33059
0.578704	0.000649055	7.12991
0.578704	0.000540879	7.77793
0.578704	0.000450732	8.28159
0.578704	0.00037561	8.66277
0.578704	0.000313009	8.9531
0.578704	0.000260841	9.17509
0.578704	0.000217367	9.34262
0.578704	0.000181139	9.46882
0.578704	0.000150949	9.56494
0.578704	0.000125791	9.63821
0.578704	0.000104826	9.69395
0.482253	0.01	1.01065
0.482253	0.00833333	0.99403
0.482253	0.00694444	0.97689
0.482253	0.00578704	0.97545
0.482253	0.00482253	0.9863
0.482253	0.00401878	1.01256
0.482253	0.00334898	1.06151
0.482253	0.00279082	1.11537
0.482253	0.00232568	1.2701
0.482253	0.00193807	1.55253
0.482253	0.00161506	1.99308
0.482253	0.00134588	2.59277
0.482253	0.00112157	3.45475
0.482253	0.000934639	4.48492
0.482253	0.000778866	5.55446
0.482253	0.000649055	6.49746
0.482253	0.000540879	7.28074
0.482253	0.000450732	7.90663
0.482253	0.00037561	8.3845
0.482253	0.000313009	8.74413
0.482253	0.000260841	9.01759
0.482253	0.000217367	9.22575
0.482253	0.000181139	9.38145
0.482253	0.000150949	9.49867
0.482253	0.000125791	9.58811
0.482253	0.000104826	9.65621
0.401878	0.01	1.03978
0.401878	0.00833333	1.0126
0.401878	0.00694444	0.98226
0.401878	0.00578704	0.95075
0.401878	0.00482253	0.94837
0.401878	0.00401878	0.9621
0.401878	0.00334898	0.99021
0.401878	0.00279082	1.03933
0.401878	0.00232568	1.07677
0.401878	0.00193807	1.25533
0.401878	0.00161506	1.5605
0.401878	0.00134588	2.03212
0.401878	0.00112157	2.68625
0.401878	0.000934639	3.59967
0.401878	0.000778866	4.68381
0.401878	0.000649055	5.76057
0.401878	0.000540879	6.68684
0.401878	0.000450732	7.44465
0.401878	0.00037561	8.04014
0.401878	0.000313009	8.48832
0.401878	0.000260841	8.8253
0.401878	0.000217367	9.08131
0.401878	0.000181139	9.27456
0.401878	0.000150949	9.4184
0.401878	0.000125791	9.5271
0.401878	0.000104826	9.61012
0.334898	0.01	1.12027
0.334898	0.00833333	1.07048
0.334898	0.00694444	1.04262
0.334898	0.00578704	0.97975
0.334898	0.00482253	0.9421
0.334898	0.00401878	0.94751
0.334898	0.00334898	0.973
0.334898	0.00279082	0.994
0.334898	0.00232568	1.03303
0.334898	0.00193807	1.06327
0.334898	0.00161506	1.22456
0.334898	0.00134588	1.51125
0.334898	0.00112157	2.09092
0.334898	0.000934639	2.84026
0.334898	0.000778866	3.8075
0.334898	0.000649055	4.93082
0.334898	0.000540879	5.99535
0.334898	0.000450732	6.89315
0.334898	0.00037561	7.61722
0.334898	0.000313009	8.1754
0.334898	0.000260841	8.59188
0.334898	0.000217367	8.90554
0.334898	0.000181139	9.14348
0.334898	0.000150949	9.32119
0.334898	0.000125791	9.45348
0.334898	0.000104826	9.55424
0.279082	0.01	1.23689
0.279082	0.00833333	1.18229
0.279082	0.00694444	1.1342
0.279082	0.00578704	1.08106
0.279082	0.00482253	0.97701
0.279082	0.00401878	0.95579
0.279082	0.00334898	0.98774
0.279082	0.00279082	1.01071
0.279082	0.00232568	1.01095
0.279082	0.00193807	1.01956
0.279082	0.00161506	1.06836
0.279082	0.00134588	1.21821
0.279082	0.00112157	1.5002
0.279082	0.000934639	2.12821
0.279082	0.000778866	3.04369
0.279082	0.000649055	4.07484
0.279082	0.000540879	5.21497
0.279082	0.000450732	6.25129
0.279082	0.00037561	7.11148
0.279082	0.000313009	7.79168
0.279082	0.000260841	8.31047
0.279082	0.000217367	8.69498
0.279082	0.000181139	8.98392
0.279082	0.000150949	9.20301
0.279082	0.000125791	9.36551
0.279082	0.000104826	9.48701
0.232568	0.01	1.38522
0.232568	0.00833333	1.32787
0.232568	0.00694444	1.28141
0.232568	0.00578704	1.2106
0.232568	0.00482253	1.11286
0.232568	0.00401878	0.99259
0.232568	0.00334898	1.03235
0.232568	0.00279082	1.0519
0.232568	0.00232568	1.04809
0.232568	0.00193807	1.03952
0.232568	0.00161506	1.02808
0.232568	0.00134588	1.09388
0.232568	0.00112157	1.23217
0.232568	0.000934639	1.44742
0.232568	0.000778866	1.98985
0.232568	0.000649055	3.26404
0.232568	0.000540879	4.38986
0.232568	0.000450732	5.52626
0.232568	0.00037561	6.52661
0.232568	0.000313009	7.33461
0.232568	0.000260841	7.96533
0.232568	0.000217367	8.44242
0.232568	0.000181139	8.79599
0.232568	0.000150949	9.05972
0.232568	0.000125791	9.25915
0.232568	0.000104826	9.40755
0.193807	0.01	1.65113
0.193807	0.00833333	1.51613
0.193807	0.00694444	1.45396
0.193807	0.00578704	1.39888
0.193807	0.00482253	1.28519
0.193807	0.00401878	1.10307
0.193807	0.00334898	1.09159
0.193807	0.00279082	1.10915
0.193807	0.00232568	1.11478
0.193807	0.00193807	1.08648
0.193807	0.00161506	1.08421
0.193807	0.00134588	1.04389
0.193807	0.00112157	1.07649
0.193807	0.000934639	1.24319
0.193807	0.000778866	1.42067
0.193807	0.000649055	1.95049
0.193807	0.000540879	3.32005
0.193807	0.000450732	4.74168
0.193807	0.00037561	5.85922
0.193807	0.000313009	6.80483
0.193807	0.000260841	7.55399
0.193807	0.000217367	8.13784
0.193807	0.000181139	8.57003
0.193807	0.000150949	8.89147
0.193807	0.000125791	9.13227
0.193807	0.000104826	9.31216
0.161506	0.01	2.05611
0.161506	0.00833333	1.78543
0.161506	0.00694444	1.6297
0.161506	0.00578704	1.61052
0.161506	0.00482253	1.50514
0.161506	0.00401878	1.30441
0.161506	0.00334898	1.19862
0.161506	0.00279082	1.17914
0.161506	0.00232568	1.19645
0.161506	0.00193807	1.15474
0.161506	0.00161506	1.15175
0.161506	0.00134588	1.11758
0.161506	0.00112157	1.08014
0.161506	0.000934639	1.09148
0.161506	0.000778866	1.27245
0.161506	0.000649055	1.45307
0.161506	0.000540879	1.8134
0.161506	0.000450732	2.91598
0.161506	0.00037561	5.06528
0.161506	0.000313009	6.19644
0.161506	0.000260841	7.07997
0.161506	0.000217367	7.76491
0.161506	0.000181139	8.30272
0.161506	0.000150949	8.69446
0.161506	0.000125791	8.98149
0.161506	0.000104826	9.19925
0.134588	0.01	2.48237
0.134588	0.00833333	2.28141
0.134588	0.00694444	1.87882
0.134588	0.00578704	1.8178
0.134588	0.00482253	1.74231
0.134588	0.00401878	1.51652
0.134588	0.00334898	1.42042
0.134588	0.00279082	1.32356
0.134588	0.00232568	1.29731
0.134588	0.00193807	1.26956
0.134588	0.00161506	1.22137
0.134588	0.00134588	1.19617
0.134588	0.00112157	1.13568
0.134588	0.000934639	1.09259
0.134588	0.000778866	1.11048
0.134588	0.000649055	1.2255
0.134588	0.000540879	1.51185
0.134588	0.000450732	1.7616
0.134588	0.00037561	2.86389
0.134588	0.000313009	5.02644
0.134588	0.000260841	6.53783
0.134588	0.000217367	7.3444
0.134588	0.000181139	7.97481
0.134588	0.000150949	8.45659
0.134588	0.000125791	8.80957
0.134588	0.000104826	9.06743
0.112157	0.01	3.00478
0.112157	0.00833333	2.8263
0.112157	0.00694444	2.26777
0.112157	0.00578704	1.97648
0.112157	0.00482253	1.97438
0.112157	0.00401878	1.85984
0.112157	0.00334898	1.6222
0.112157	0.00279082	1.50775
0.112157	0.00232568	1.37947
0.112157	0.00193807	1.40412
0.112157	0.00161506	1.30219
0.112157	0.00134588	1.30579
0.112157	0.00112157	1.20192
0.112157	0.000934639	1.15098
0.112157	0.000778866	1.08674
0.112157	0.000649055	1.08587
0.112157	0.000540879	1.17789
0.112157	0.000450732	1.47736
0.112157	0.00037561	1.73043
0.112157	0.000313009	2.58268
0.112157	0.000260841	4.41135
0.112157	0.000217367	6.76673
0.112157	0.000181139	7.5899
0.112157	0.000150949	8.17265
0.112157	0.000125791	8.60439
0.112157	0.000104826	8.91306
0.0934639	0.01	3.55732
0.0934639	0.00833333	3.34747
0.0934639	0.00694444	3.01911
0.0934639	0.00578704	2.28804
0.0934639	0.00482253	2.18372
0.0934639	0.00401878	2.10098
0.0934639	0.00334898	1.85765
0.0934639	0.00279082	1.65067
0.0934639	0.00232568	1.52685
0.0934639	0.00193807	1.48471
0.0934639	0.00161506	1.43318
0.0934639	0.00134588	1.3516
0.0934639	0.00112157	1.2842
0.0934639	0.000934639	1.25612
0.0934639	0.000778866	1.1048
0.0934639	0.000649055	1.05459
0.0934639	0.000540879	1.06888
0.0934639	0.000450732	1.19836
0.0934639	0.00037561	1.42964
0.0934639	0.000313009	1.755
0.0934639	0.000260841	2.34939
0.0934639	0.000217367	3.9556
0.0934639	0.000181139	6.34014
0.0934639	0.000150949	7.82681
0.0934639	0.000125791	8.35498
0.0934639	0.000104826	8.73809
0.0778866	0.01	4.22396
0.0778866	0.00833333	3.95055
0.0778866	0.00694444	3.61094
0.0778866	0.00578704	2.84041
0.0778866	0.00482253	2.44567
0.0778866	0.00401878	2.46357
0.0778866	0.00334898	2.1926
0.0778866	0.00279082	1.98275
0.0778866	0.00232568	1.81056
0.0778866	0.00193807	1.61894
0.0778866	0.00161506	1.61781
0.0778866	0.00134588	1.49038
0.0778866	0.00112157	1.40016
0.0778866	0.000934639	1.32245
0.0778866	0.000778866	1.24516
0.0778866	0.000649055	1.08157
0.0778866	0.000540879	1.0265
0.0778866	0.000450732	1.04894
0.0778866	0.00037561	1.20271
0.0778866	0.000313009	1.31515
0.0778866	0.000260841	1.67813
0.0778866	0.000217367	2.22187
0.0778866	0.000181139	3.59261
0.0778866	0.000150949	5.50089
0.0778866	0.000125791	7.87928
0.0778866	0.000104826	8.52676
0.0649055	0.01	4.97195
0.0649055	0.00833333	4.57156
0.0649055	0.00694444	4.25637
0.0649055	0.00578704	3.89051
0.0649055	0.00482253	2.85032
0.0649055	0.00401878	2.48691
0.0649055	0.00334898	2.28146
0.0649055	0.00279082	2.1194
0.0649055	0.00232568	2.029
0.0649055	0.00193807	1.81063
0.0649055	0.00161506	1.7135
0.0649055	0.00134588	1.64304
0.0649055	0.00112157	1.55731
0.0649055	0.000934639	1.39097
0.0649055	0.000778866	1.30472
0.0649055	0.000649055	1.24264
0.0649055	0.000540879	1.02511
0.0649055	0.000450732	1.00119
0.0649055	0.00037561	1.04103
0.0649055	0.000313009	1.10547
0.0649055	0.000260841	1.24593
0.0649055	0.000217367	1.49761
0.0649055	0.000181139	2.1235
0.0649055	0.000150949	3.16395
0.0649055	0.000125791	4.7652
0.0649055	0.000104826	7.2441
0.0540879	0.01	5.85087
0.0540879	0.00833333	5.32045
0.0540879	0.00694444	4.89021
0.0540879	0.00578704	4.61253
0.0540879	0.00482253	3.48395
0.0540879	0.00401878	2.96429
0.0540879	0.00334898	2.72261
0.0540879	0.00279082	2.37639
0.0540879	0.00232568	2.34526
0.0540879	0.00193807	2.23439
0.0540879	0.00161506	1.88833
0.0540879	0.00134588	1.78282
0.0540879	0.00112157	1.66788
0.0540879	0.000934639	1.58391
0.0540879	0.000778866	1.38498
0.0540879	0.000649055	1.31176
0.0540879	0.000540879	1.20467
0.0540879	0.000450732	1.02146
0.0540879	0.00037561	0.97626
0.0540879	0.000313009	1.02312
0.0540879	0.000260841	1.08645
0.0540879	0.000217367	1.21146
0.0540879	0.000181139	1.40787
0.0540879	0.000150949	1.92984
0.0540879	0.000125791	2.74473
0.0540879	0.000104826	4.37556
0.0450732	0.01	6.8043
0.0450732	0.00833333	6.28982
0.0450732	0.00694444	5.66165
0.0450732	0.00578704	5.2389
0.0450732	0.00482253	4.96508
0.0450732	0.00401878	3.55987
0.0450732	0.00334898	2.85711
0.0450732	0.00279082	2.5937
0.0450732	0.00232568	2.454
0.0450732	0.00193807	2.24006
0.0450732	0.00161506	2.08299
0.0450732	0.00134588	1.99576
0.0450732	0.00112157	1.78398
0.0450732	0.000934639	1.68253
0.0450732	0.000778866	1.5984
0.0450732	0.000649055	1.33089
0.0450732	0.000540879	1.41512
0.0450732	0.000450732	1.20637
0.0450732	0.00037561	0.97828
0.0450732	0.000313009	0.95528
0.0450732	0.000260841	0.99476
0.0450732	0.000217367	1.07912
0.0450732	0.000181139	1.16913
0.0450732	0.000150949	1.31622
0.0450732	0.000125791	1.6941
0.0450732	0.000104826	2.43224
0.037561	0.01	7.84868
0.037561	0.00833333	7.62892
0.037561	0.00694444	6.64796
0.037561	0.00578704	5.98633
0.037561	0.00482253	5.59938
0.037561	0.00401878	4.35208
0.037561	0.00334898	3.62338
0.037561	0.00279082	3.04344
0.037561	0.00232568	2.67015
0.037561	0.00193807	2.55924
0.037561	0.00161506	2.45237
0.037561	0.00134588	2.19553
0.037561	0.00112157	1.9789
0.037561	0.000934639	1.69722
0.037561	0.000778866	1.56095
0.037561	0.000649055	1.43051
0.037561	0.000540879	1.32724
0.037561	0.000450732	1.27602
0.037561	0.00037561	1.15246
0.037561	0.000313009	1.00426
0.037561	0.000260841	0.88891
0.037561	0.000217367	0.93189
0.037561	0.000181139	1.03205
0.037561	0.000150949	1.13605
0.037561	0.000125791	1.25086
0.037561	0.000104826	1.50854
0.0313009	0.01	8.77584
0.0313009	0.00833333	8.54286
0.0313009	0.00694444	8.3818
0.0313009	0.00578704	6.92105
0.0313009	0.00482253	6.32793
0.0313009	0.00401878	5.97291
0.0313009	0.00334898	4.097
0.0313009	0.00279082	3.46264
0.0313009	0.00232568	3.14363
0.0313009	0.00193807	2.69329
0.0313009	0.00161506	2.64273
0.0313009	0.00134588	2.57376
0.0313009	0.00112157	2.21823
0.0313009	0.000934639	1.99187
0.0313009	0.000778866	1.7456
0.0313009	0.000649055	1.49523
0.0313009	0.000540879	1.42172
0.0313009	0.000450732	1.34422
0.0313009	0.00037561	1.27149
0.0313009	0.000313009	1.14643
0.0313009	0.000260841	0.92698
0.0313009	0.000217367	0.84826
0.0313009	0.000181139	0.91449
0.0313009	0.000150949	0.98993
0.0313009	0.000125791	1.09687
0.0313009	0.000104826	1.18256
0.0260841	0.01	9.89148
0.0260841	0.00833333	9.58177
0.0260841	0.00694444	9.3812
0.0260841	0.00578704	8.33438
0.0260841	0.00482253	7.25478
0.0260841	0.00401878	6.65739
0.0260841	0.00334898	6.03912
0.0260841	0.00279082	4.1178
0.0260841	0.00232568	3.71789
0.0260841	0.00193807	3.24979
0.0260841	0.00161506	2.94397
0.0260841	0.00134588	2.72049
0.0260841	0.00112157	2.65409
0.0260841	0.000934639	2.23697
0.0260841	0.000778866	2.05091
0.0260841	0.000649055	1.62315
0.0260841	0.000540879	1.51202
0.0260841	0.000450732	1.34569
0.0260841	0.00037561	1.32897
0.0260841	0.000313009	1.26917
0.0260841	0.000260841	1.17393
0.0260841	0.000217367	0.86427
0.0260841	0.000181139	0.85019
0.0260841	0.000150949	0.8851
0.0260841	0.000125791	0.92498
0.0260841	0.000104826	1.00669
0.0217367	0.01	11.6489
0.0217367	0.00833333	10.7129
0.0217367	0.00694444	10.4397
0.0217367	0.00578704	10.2436
0.0217367	0.00482253	8.43096
0.0217367	0.00401878	7.41387
0.0217367	0.00334898	7.19704
0.0217367	0.00279082	5.22156
0.0217367	0.00232568	4.26216
0.0217367	0.00193807	3.74756
0.0217367	0.00161506	3.59069
0.0217367	0.00134588	3.14208
0.0217367	0.00112157	2.9235
0.0217367	0.000934639	2.91821
0.0217367	0.000778866	2.51766
0.0217367	0.000649055	2.16775
0.0217367	0.000540879	1.82926
0.0217367	0.000450732	1.65511
0.0217367	0.00037561	1.42251
0.0217367	0.000313009	1.31765
0.0217367	0.000260841	1.28533
0.0217367	0.000217367	1.09865
0.0217367	0.000181139	0.84305
0.0217367	0.000150949	0.84831
0.0217367	0.000125791	0.85103
0.0217367	0.000104826	0.87873
0.0181139	0.01	17.4716
0.0181139	0.00833333	11.9826
0.0181139	0.00694444	11.5636
0.0181139	0.00578704	11.3116
0.0181139	0.00482253	11.1187
0.0181139	0.00401878	8.6258
0.0181139	0.00334898	7.91643
0.0181139	0.00279082	7.72384
0.0181139	0.00232568	4.55363
0.0181139	0.00193807	4.40322
0.0181139	0.00161506	4.05879
0.0181139	0.00134588	3.86686
0.0181139	0.00112157	3.47938
0.0181139	0.000934639	3.06344
0.0181139	0.000778866	2.96844
0.0181139	0.000649055	2.65539
0.0181139	0.000540879	2.17039
0.0181139	0.000450732	1.86115
0.0181139	0.00037561	1.58003
0.0181139	0.000313009	1.42963
0.0181139	0.000260841	1.31584
0.0181139	0.000217367	1.14279
0.0181139	0.000181139	1.05891
0.0181139	0.000150949	0.98028
0.0181139	0.000125791	0.8279
0.0181139	0.000104826	0.79523
0.0150949	0.01	25.5505
0.0150949	0.00833333	22.0849
0.0150949	0.00694444	15.3169
0.0150949	0.00578704	14.8204
0.0150949	0.00482253	14.3332
0.0150949	0.00401878	14.0437
0.0150949	0.00334898	9.41276
0.0150949	0.00279082	8.67799
0.0150949	0.00232568	6.53311
0.0150949	0.00193807	5.14665
0.0150949	0.00161506	4.91015
0.0150949	0.00134588	4.54694
0.0150949	0.00112157	4.49537
0.0150949	0.000934639	3.88768
0.0150949	0.000778866	3.50393
0.0150949	0.000649055	3.21746
0.0150949	0.000540879	2.58104
0.0150949	0.000450732	2.39657
0.0150949	0.00037561	2.19244
0.0150949	0.000313009	1.78122
0.0150949	0.000260841	1.61574
0.0150949	0.000217367	1.36334
0.0150949	0.000181139	1.15424
0.0150949	0.000150949	1.08615
0.0150949	0.000125791	0.97981
0.0150949	0.000104826	0.85872
0.0125791	0.01	37.4968
0.0125791	0.00833333	37.0651
0.0125791	0.00694444	36.522
0.0125791	0.00578704	16.3143
0.0125791	0.00482253	15.4463
0.0125791	0.00401878	15.1288
0.0125791	0.00334898	11.0261
0.0125791	0.00279082	9.32324
0.0125791	0.00232568	9.01024
0.0125791	0.00193807	5.5449
0.0125791	0.00161506	5.58021
0.0125791	0.00134588	4.9236
0.0125791	0.00112157	4.48495
0.0125791	0.000934639	4.53666
0.0125791	0.000778866	4.01379
0.0125791	0.000649055	3.81371
0.0125791	0.000540879	3.3324
0.0125791	0.000450732	3.0169
0.0125791	0.00037561	2.38002
0.0125791	0.000313009	2.1074
0.0125791	0.000260841	1.79472
0.0125791	0.000217367	1.60914
0.0125791	0.000181139	1.39201
0.0125791	0.000150949	1.36628
0.0125791	0.000125791	1.05168
0.0125791	0.000104826	1.05949
0.0104826	0.01	42.572
0.0104826	0.00833333	42.1883
0.0104826	0.00694444	41.7104
0.0104826	0.00578704	36.1762
0.0104826	0.00482253	16.7084
0.0104826	0.00401878	16.1156
0.0104826	0.00334898	15.8751
0.0104826	0.00279082	11.0709
0.0104826	0.00232568	10.5895
0.0104826	0.00193807	10.0099
0.0104826	0.00161506	6.89229
0.0104826	0.00134588	6.90085
0.0104826	0.00112157	5.40975
0.0104826	0.000934639	4.91287
0.0104826	0.000778866	4.73128
0.0104826	0.000649055	4.44809
0.0104826	0.000540879	4.22264
0.0104826	0.000450732	3.47167
0.0104826	0.00037561	2.95461
0.0104826	0.000313009	2.62591
0.0104826	0.000260841	2.49573
0.0104826	0.000217367	2.21426
0.0104826	0.000181139	1.78179
0.0104826	0.000150949	1.54233
0.0104826	0.000125791	1.41647
0.0104826	0.000104826	1.11109
