1	0.1	19.5666
1	0.0909091	19.1882
1	0.0826446	18.8406
1	0.0751315	18.525
1	0.0683013	18.2431
1	0.0620921	17.9965
1	0.0564474	17.7866
1	0.0513158	17.6151
1	0.0466507	17.4841
1	0.0424098	17.3962
1	0.0385543	17.3579
1	0.0350494	17.3825
1	0.0318631	17.4858
1	0.0289664	17.6789
1	0.0263331	17.9857
1	0.0239392	18.442
1	0.0217629	19.099
1	0.0197845	19.9567
1	0.0179859	21.0388
1	0.0163508	22.3503
1	0.0148644	23.8798
1	0.0135131	25.6152
1	0.0122846	27.5047
1	0.0111678	29.4974
1	0.0101526	31.5496
1	0.0092296	33.5946
1	0.00839055	35.6167
1	0.00762777	37.5772
1	0.00693433	39.42
1	0.00630394	41.1324
1	0.00573086	42.7246
1	0.00520987	44.2054
1	0.00473624	45.5838
1	0.00430568	46.858
1	0.00391425	48.0161
1	0.00355841	49.0514
1	0.00323492	49.971
1	0.00294083	50.7914
1	0.00267349	51.5305
1	0.00243044	52.1991
1	0.00220949	52.8015
1	0.00200863	53.3403
1	0.00182603	53.8171
1	0.00166002	54.2367
1	0.00150911	54.6063
1	0.00137192	54.9332
1	0.0012472	55.222
1	0.00113382	55.4757
1	0.00103074	55.6978
1	0.000937041	55.892
1	0.000851855	56.0616
1	0.000774414	56.2094
1	0.000704013	56.338
1	0.000640011	56.45
1	0.000581829	56.5476
1	0.000528935	56.6324
0.909091	0.1	19.6392
0.909091	0.0909091	19.2048
0.909091	0.0826446	18.8007
0.909091	0.0751315	18.4284
0.909091	0.0683013	18.0901
0.909091	0.0620921	17.7877
0.909091	0.0564474	17.523
0.909091	0.0513158	17.2976
0.909091	0.0466507	17.113
0.909091	0.0424098	16.9707
0.909091	0.0385543	16.8726
0.909091	0.0350494	16.8252
0.909091	0.0318631	16.8442
0.909091	0.0289664	16.9459
0.909091	0.0263331	17.14
0.909091	0.0239392	17.4479
0.909091	0.0217629	17.9092
0.909091	0.0197845	18.5917
0.909091	0.0179859	19.4774
0.909091	0.0163508	20.6057
0.909091	0.0148644	21.9765
0.909091	0.0135131	23.5818
0.909091	0.0122846	25.4004
0.909091	0.0111678	27.3666
0.909091	0.0101526	29.4314
0.909091	0.0092296	31.5427
0.909091	0.00839055	33.641
0.909091	0.00762777	35.7178
0.909091	0.00693433	37.7142
0.909091	0.00630394	39.573
0.909091	0.00573086	41.2934
0.909091	0.00520987	42.8906
0.909091	0.00473624	44.376
0.909091	0.00430568	45.7607
0.909091	0.00391425	47.0379
0.909091	0.00355841	48.1918
0.909091	0.00323492	49.2167
0.909091	0.00294083	50.123
0.909091	0.00267349	50.9314
0.909091	0.00243044	51.6609
0.909091	0.00220949	52.3209
0.909091	0.00200863	52.9153
0.909091	0.00182603	53.4456
0.909091	0.00166002	53.9131
0.909091	0.00150911	54.3233
0.909091	0.00137192	54.6845
0.909091	0.0012472	55.0041
0.909091	0.00113382	55.2861
0.909091	0.00103074	55.5333
0.909091	0.000937041	55.7492
0.909091	0.000851855	55.9379
0.909091	0.000774414	56.1024
0.909091	0.000704013	56.2455
0.909091	0.000640011	56.3699
0.909091	0.000581829	56.4782
0.909091	0.000528935	56.5724
0.826446	0.1	19.8243
0.826446	0.0909091	19.3325
0.826446	0.0826446	18.8699
0.826446	0.0751315	18.438
0.826446	0.0683013	18.0398
0.826446	0.0620921	17.6782
0.826446	0.0564474	17.3556
0.826446	0.0513158	17.0741
0.826446	0.0466507	16.8353
0.826446	0.0424098	16.6404
0.826446	0.0385543	16.4898
0.826446	0.0350494	16.3845
0.826446	0.0318631	16.331
0.826446	0.0289664	16.3488
0.826446	0.0263331	16.4535
0.826446	0.0239392	16.6535
0.826446	0.0217629	16.9625
0.826446	0.0197845	17.4334
0.826446	0.0179859	18.146
0.826446	0.0163508	19.06
0.826446	0.0148644	20.2404
0.826446	0.0135131	21.674
0.826446	0.0122846	23.3593
0.826446	0.0111678	25.2617
0.826446	0.0101526	27.3007
0.826446	0.0092296	29.4335
0.826446	0.00839055	31.5946
0.826446	0.00762777	33.7454
0.826446	0.00693433	35.8725
0.826446	0.00630394	37.8938
0.826446	0.00573086	39.7596
0.826446	0.00520987	41.4826
0.826446	0.00473624	43.0803
0.826446	0.00430568	44.5681
0.826446	0.00391425	45.9573
0.826446	0.00355841	47.2342
0.826446	0.00323492	48.3797
0.826446	0.00294083	49.3902
0.826446	0.00267349	50.2807
0.826446	0.00243044	51.0761
0.826446	0.00220949	51.7951
0.826446	0.00200863	52.4458
0.826446	0.00182603	53.0316
0.826446	0.00166002	53.5524
0.826446	0.00150911	54.0096
0.826446	0.00137192	54.41
0.826446	0.0012472	54.7625
0.826446	0.00113382	55.0748
0.826446	0.00103074	55.3497
0.826446	0.000937041	55.5901
0.826446	0.000851855	55.7999
0.826446	0.000774414	55.983
0.826446	0.000704013	56.1424
0.826446	0.000640011	56.2807
0.826446	0.000581829	56.401
0.826446	0.000528935	56.5056
0.751315	0.1	20.1233
0.751315	0.0909091	19.5735
0.751315	0.0826446	19.0512
0.751315	0.0751315	18.5573
0.751315	0.0683013	18.0955
0.751315	0.0620921	17.6702
0.751315	0.0564474	17.2851
0.751315	0.0513158	16.9433
0.751315	0.0466507	16.6471
0.751315	0.0424098	16.3978
0.751315	0.0385543	16.1963
0.751315	0.0350494	16.0412
0.751315	0.0318631	15.9316
0.751315	0.0289664	15.8755
0.751315	0.0263331	15.8972
0.751315	0.0239392	16.0103
0.751315	0.0217629	16.2211
0.751315	0.0197845	16.5284
0.751315	0.0179859	17.014
0.751315	0.0163508	17.763
0.751315	0.0148644	18.7067
0.751315	0.0135131	19.9464
0.751315	0.0122846	21.4485
0.751315	0.0111678	23.216
0.751315	0.0101526	25.2007
0.751315	0.0092296	27.309
0.751315	0.00839055	29.5029
0.751315	0.00762777	31.7061
0.751315	0.00693433	33.9104
0.751315	0.00630394	36.0796
0.751315	0.00573086	38.1135
0.751315	0.00520987	39.9782
0.751315	0.00473624	41.699
0.751315	0.00430568	43.293
0.751315	0.00391425	44.7821
0.751315	0.00355841	46.1737
0.751315	0.00323492	47.4462
0.751315	0.00294083	48.5786
0.751315	0.00267349	49.5706
0.751315	0.00243044	50.4435
0.751315	0.00220949	51.2252
0.751315	0.00200863	51.933
0.751315	0.00182603	52.5736
0.751315	0.00166002	53.1502
0.751315	0.00150911	53.6603
0.751315	0.00137192	54.1064
0.751315	0.0012472	54.4964
0.751315	0.00113382	54.8403
0.751315	0.00103074	55.1451
0.751315	0.000937041	55.4127
0.751315	0.000851855	55.6461
0.751315	0.000774414	55.8499
0.751315	0.000704013	56.0274
0.751315	0.000640011	56.1815
0.751315	0.000581829	56.3152
0.751315	0.000528935	56.4314
0.683013	0.1	20.5372
0.683013	0.0909091	19.9293
0.683013	0.0826446	19.3478
0.683013	0.0751315	18.7906
0.683013	0.0683013	18.2618
0.683013	0.0620921	17.7678
0.683013	0.0564474	17.3145
0.683013	0.0513158	16.9066
0.683013	0.0466507	16.5476
0.683013	0.0424098	16.2398
0.683013	0.0385543	15.9845
0.683013	0.0350494	15.7808
0.683013	0.0318631	15.6249
0.683013	0.0289664	15.514
0.683013	0.0263331	15.4592
0.683013	0.0239392	15.4909
0.683013	0.0217629	15.6176
0.683013	0.0197845	15.8413
0.683013	0.0179859	16.1448
0.683013	0.0163508	16.6382
0.683013	0.0148644	17.442
0.683013	0.0135131	18.4221
0.683013	0.0122846	19.7261
0.683013	0.0111678	21.3037
0.683013	0.0101526	23.1546
0.683013	0.0092296	25.2175
0.683013	0.00839055	27.3921
0.683013	0.00762777	29.6371
0.683013	0.00693433	31.8796
0.683013	0.00630394	34.1373
0.683013	0.00573086	36.3358
0.683013	0.00520987	38.3701
0.683013	0.00473624	40.2274
0.683013	0.00430568	41.9415
0.683013	0.00391425	43.5283
0.683013	0.00355841	45.0185
0.683013	0.00323492	46.4096
0.683013	0.00294083	47.6727
0.683013	0.00267349	48.7868
0.683013	0.00243044	49.7568
0.683013	0.00220949	50.611
0.683013	0.00200863	51.3785
0.683013	0.00182603	52.0742
0.683013	0.00166002	52.7045
0.683013	0.00150911	53.2708
0.683013	0.00137192	53.7689
0.683013	0.0012472	54.2032
0.683013	0.00113382	54.5825
0.683013	0.00103074	54.9179
0.683013	0.000937041	55.2149
0.683013	0.000851855	55.4749
0.683013	0.000774414	55.7014
0.683013	0.000704013	55.899
0.683013	0.000640011	56.0709
0.683013	0.000581829	56.2198
0.683013	0.000528935	56.3489
0.620921	0.1	21.0664
0.620921	0.0909091	20.3998
0.620921	0.0826446	19.7611
0.620921	0.0751315	19.1421
0.620921	0.0683013	18.5446
0.620921	0.0620921	17.9773
0.620921	0.0564474	17.4493
0.620921	0.0513158	16.9679
0.620921	0.0466507	16.5389
0.620921	0.0424098	16.1659
0.620921	0.0385543	15.8514
0.620921	0.0350494	15.5957
0.620921	0.0318631	15.3946
0.620921	0.0289664	15.2412
0.620921	0.0263331	15.1312
0.620921	0.0239392	15.0826
0.620921	0.0217629	15.1316
0.620921	0.0197845	15.2757
0.620921	0.0179859	15.5084
0.620921	0.0163508	15.8123
0.620921	0.0148644	16.3338
0.620921	0.0135131	17.1801
0.620921	0.0122846	18.213
0.620921	0.0111678	19.581
0.620921	0.0101526	21.2403
0.620921	0.0092296	23.1765
0.620921	0.00839055	25.312
0.620921	0.00762777	27.5475
0.620921	0.00693433	29.8334
0.620921	0.00630394	32.1181
0.620921	0.00573086	34.4249
0.620921	0.00520987	36.637
0.620921	0.00473624	38.6604
0.620921	0.00430568	40.5061
0.620921	0.00391425	42.2084
0.620921	0.00355841	43.7864
0.620921	0.00323492	45.2774
0.620921	0.00294083	46.6641
0.620921	0.00267349	47.9121
0.620921	0.00243044	49.0022
0.620921	0.00220949	49.9478
0.620921	0.00200863	50.7831
0.620921	0.00182603	51.5355
0.620921	0.00166002	52.2184
0.620921	0.00150911	52.8383
0.620921	0.00137192	53.3928
0.620921	0.0012472	53.878
0.620921	0.00113382	54.2997
0.620921	0.00103074	54.6682
0.620921	0.000937041	54.9952
0.620921	0.000851855	55.2841
0.620921	0.000774414	55.5362
0.620921	0.000704013	55.7559
0.620921	0.000640011	55.9473
0.620921	0.000581829	56.1135
0.620921	0.000528935	56.2572
0.564474	0.1	21.712
0.564474	0.0909091	20.984
0.564474	0.0826446	20.2901
0.564474	0.0751315	19.614
0.564474	0.0683013	18.95
0.564474	0.0620921	18.3064
0.564474	0.0564474	17.6971
0.564474	0.0513158	17.1339
0.564474	0.0466507	16.6258
0.564474	0.0424098	16.1791
0.564474	0.0385543	15.7973
0.564474	0.0350494	15.4829
0.564474	0.0318631	15.2331
0.564474	0.0289664	15.0387
0.564474	0.0263331	14.8901
0.564474	0.0239392	14.7825
0.564474	0.0217629	14.747
0.564474	0.0197845	14.8222
0.564474	0.0179859	14.9829
0.564474	0.0163508	15.2158
0.564474	0.0148644	15.5344
0.564474	0.0135131	16.0949
0.564474	0.0122846	16.9746
0.564474	0.0111678	18.0846
0.564474	0.0101526	19.5106
0.564474	0.0092296	21.2586
0.564474	0.00839055	23.2818
0.564474	0.00762777	25.4856
0.564474	0.00693433	27.7714
0.564474	0.00630394	30.0919
0.564474	0.00573086	32.424
0.564474	0.00520987	34.769
0.564474	0.00473624	36.9787
0.564474	0.00430568	38.9819
0.564474	0.00391425	40.8123
0.564474	0.00355841	42.4975
0.564474	0.00323492	44.0688
0.564474	0.00294083	45.5587
0.564474	0.00267349	46.9354
0.564474	0.00243044	48.162
0.564474	0.00220949	49.223
0.564474	0.00200863	50.1431
0.564474	0.00182603	50.9593
0.564474	0.00166002	51.6959
0.564474	0.00150911	52.3657
0.564474	0.00137192	52.975
0.564474	0.0012472	53.5157
0.564474	0.00113382	53.9871
0.564474	0.00103074	54.3956
0.564474	0.000937041	54.7536
0.564474	0.000851855	55.0721
0.564474	0.000774414	55.3525
0.564474	0.000704013	55.5967
0.564474	0.000640011	55.8096
0.564474	0.000581829	55.9949
0.564474	0.000528935	56.1553
0.513158	0.1	22.4772
0.513158	0.0909091	21.681
0.513158	0.0826446	20.9318
0.513158	0.0751315	20.2045
0.513158	0.0683013	19.4816
0.513158	0.0620921	18.7635
0.513158	0.0564474	18.068
0.513158	0.0513158	17.4142
0.513158	0.0466507	16.816
0.513158	0.0424098	16.2846
0.513158	0.0385543	15.8254
0.513158	0.0350494	15.4428
0.513158	0.0318631	15.1372
0.513158	0.0289664	14.8987
0.513158	0.0263331	14.7139
0.513158	0.0239392	14.5711
0.513158	0.0217629	14.4661
0.513158	0.0197845	14.4562
0.513158	0.0179859	14.5598
0.513158	0.0163508	14.736
0.513158	0.0148644	14.9607
0.513158	0.0135131	15.3128
0.513158	0.0122846	15.9161
0.513158	0.0111678	16.8302
0.513158	0.0101526	18.0346
0.513158	0.0092296	19.5143
0.513158	0.00839055	21.358
0.513158	0.00762777	23.4676
0.513158	0.00693433	25.7375
0.513158	0.00630394	28.06
0.513158	0.00573086	30.4149
0.513158	0.00520987	32.7975
0.513158	0.00473624	35.1627
0.513158	0.00430568	37.3558
0.513158	0.00391425	39.3327
0.513158	0.00355841	41.1434
0.513158	0.00323492	42.8075
0.513158	0.00294083	44.3756
0.513158	0.00267349	45.8614
0.513158	0.00243044	47.2216
0.513158	0.00220949	48.4189
0.513158	0.00200863	49.4478
0.513158	0.00182603	50.3424
0.513158	0.00166002	51.1391
0.513158	0.00150911	51.8592
0.513158	0.00137192	52.5165
0.513158	0.0012472	53.1134
0.513158	0.00113382	53.6391
0.513158	0.00103074	54.0957
0.513158	0.000937041	54.4907
0.513158	0.000851855	54.8386
0.513158	0.000774414	55.1485
0.513158	0.000704013	55.42
0.513158	0.000640011	55.6564
0.513158	0.000581829	55.8626
0.513158	0.000528935	56.0417
0.466507	0.1	23.3681
0.466507	0.0909091	22.4924
0.466507	0.0826446	21.6827
0.466507	0.0751315	20.9078
0.466507	0.0683013	20.1375
0.466507	0.0620921	19.3551
0.466507	0.0564474	18.5731
0.466507	0.0513158	17.8208
0.466507	0.0466507	17.121
0.466507	0.0424098	16.4911
0.466507	0.0385543	15.9423
0.466507	0.0350494	15.479
0.466507	0.0318631	15.1067
0.466507	0.0289664	14.8179
0.466507	0.0263331	14.5945
0.466507	0.0239392	14.4199
0.466507	0.0217629	14.2828
0.466507	0.0197845	14.1787
0.466507	0.0179859	14.2223
0.466507	0.0163508	14.3315
0.466507	0.0148644	14.5216
0.466507	0.0135131	14.7444
0.466507	0.0122846	15.1455
0.466507	0.0111678	15.7921
0.466507	0.0101526	16.6458
0.466507	0.0092296	18.0579
0.466507	0.00839055	19.5933
0.466507	0.00762777	21.5394
0.466507	0.00693433	23.7299
0.466507	0.00630394	26.0614
0.466507	0.00573086	28.4115
0.466507	0.00520987	30.7656
0.466507	0.00473624	33.2338
0.466507	0.00430568	35.6
0.466507	0.00391425	37.7632
0.466507	0.00355841	39.7109
0.466507	0.00323492	41.4963
0.466507	0.00294083	43.1403
0.466507	0.00267349	44.7065
0.466507	0.00243044	46.1829
0.466507	0.00220949	47.5197
0.466507	0.00200863	48.6801
0.466507	0.00182603	49.676
0.466507	0.00166002	50.5453
0.466507	0.00150911	51.3219
0.466507	0.00137192	52.0252
0.466507	0.0012472	52.6711
0.466507	0.00113382	53.2526
0.466507	0.00103074	53.7626
0.466507	0.000937041	54.2036
0.466507	0.000851855	54.5851
0.466507	0.000774414	54.9234
0.466507	0.000704013	55.224
0.466507	0.000640011	55.4865
0.466507	0.000581829	55.7154
0.466507	0.000528935	55.9148
0.424098	0.1	24.3949
0.424098	0.0909091	23.4231
0.424098	0.0826446	22.542
0.424098	0.0751315	21.7164
0.424098	0.0683013	20.9083
0.424098	0.0620921	20.0804
0.424098	0.0564474	19.223
0.424098	0.0513158	18.3683
0.424098	0.0466507	17.5557
0.424098	0.0424098	16.8112
0.424098	0.0385543	16.157
0.424098	0.0350494	15.5989
0.424098	0.0318631	15.1449
0.424098	0.0289664	14.7952
0.424098	0.0263331	14.5284
0.424098	0.0239392	14.3206
0.424098	0.0217629	14.1554
0.424098	0.0197845	14.0229
0.424098	0.0179859	13.9214
0.424098	0.0163508	14.0395
0.424098	0.0148644	14.1254
0.424098	0.0135131	14.3264
0.424098	0.0122846	14.5747
0.424098	0.0111678	15.0333
0.424098	0.0101526	15.709
0.424098	0.0092296	16.6591
0.424098	0.00839055	18.1465
0.424098	0.00762777	19.7521
0.424098	0.00693433	21.8077
0.424098	0.00630394	24.0711
0.424098	0.00573086	26.4538
0.424098	0.00520987	28.8275
0.424098	0.00473624	31.2225
0.424098	0.00430568	33.7231
0.424098	0.00391425	36.0752
0.424098	0.00355841	38.1979
0.424098	0.00323492	40.1123
0.424098	0.00294083	41.8677
0.424098	0.00267349	43.499
0.424098	0.00243044	45.061
0.424098	0.00220949	46.52
0.424098	0.00200863	47.8241
0.424098	0.00182603	48.9439
0.424098	0.00166002	49.9074
0.424098	0.00150911	50.7512
0.424098	0.00137192	51.5071
0.424098	0.0012472	52.1949
0.424098	0.00113382	52.8276
0.424098	0.00103074	53.3922
0.424098	0.000937041	53.8859
0.424098	0.000851855	54.31
0.424098	0.000774414	54.6789
0.424098	0.000704013	55.0078
0.424098	0.000640011	55.2985
0.424098	0.000581829	55.5522
0.424098	0.000528935	55.7736
0.385543	0.1	25.5709
0.385543	0.0909091	24.4829
0.385543	0.0826446	23.5136
0.385543	0.0751315	22.6266
0.385543	0.0683013	21.7808
0.385543	0.0620921	20.9271
0.385543	0.0564474	20.0208
0.385543	0.0513158	19.0718
0.385543	0.0466507	18.1376
0.385543	0.0424098	17.263
0.385543	0.0385543	16.4819
0.385543	0.0350494	15.8132
0.385543	0.0318631	15.259
0.385543	0.0289664	14.8326
0.385543	0.0263331	14.5138
0.385543	0.0239392	14.2697
0.385543	0.0217629	14.0759
0.385543	0.0197845	13.9179
0.385543	0.0179859	13.7891
0.385543	0.0163508	13.6904
0.385543	0.0148644	13.8797
0.385543	0.0135131	13.9384
0.385543	0.0122846	13.9925
0.385543	0.0111678	14.445
0.385543	0.0101526	14.9026
0.385543	0.0092296	15.5462
0.385543	0.00839055	16.7282
0.385543	0.00762777	18.2839
0.385543	0.00693433	19.9888
0.385543	0.00630394	22.1574
0.385543	0.00573086	24.4894
0.385543	0.00520987	26.9082
0.385543	0.00473624	29.3047
0.385543	0.00430568	31.7469
0.385543	0.00391425	34.2595
0.385543	0.00355841	36.5805
0.385543	0.00323492	38.6562
0.385543	0.00294083	40.5342
0.385543	0.00267349	42.2568
0.385543	0.00243044	43.8817
0.385543	0.00220949	45.4369
0.385543	0.00200863	46.8705
0.385543	0.00182603	48.1311
0.385543	0.00166002	49.2095
0.385543	0.00150911	50.1412
0.385543	0.00137192	50.9596
0.385543	0.0012472	51.6945
0.385543	0.00113382	52.3691
0.385543	0.00103074	52.9846
0.385543	0.000937041	53.5322
0.385543	0.000851855	54.008
0.385543	0.000774414	54.4149
0.385543	0.000704013	54.7724
0.385543	0.000640011	55.0915
0.385543	0.000581829	55.372
0.385543	0.000528935	55.6171
0.350494	0.1	26.9117
0.350494	0.0909091	25.6858
0.350494	0.0826446	24.6062
0.350494	0.0751315	23.6411
0.350494	0.0683013	22.7464
0.350494	0.0620921	21.8732
0.350494	0.0564474	20.9529
0.350494	0.0513158	19.9412
0.350494	0.0466507	18.8865
0.350494	0.0424098	17.8687
0.350494	0.0385543	16.9364
0.350494	0.0350494	16.1342
0.350494	0.0318631	15.4616
0.350494	0.0289664	14.9355
0.350494	0.0263331	14.5512
0.350494	0.0239392	14.2646
0.350494	0.0217629	14.0406
0.350494	0.0197845	13.8576
0.350494	0.0179859	13.7045
0.350494	0.0163508	13.5796
0.350494	0.0148644	13.484
0.350494	0.0135131	13.6001
0.350494	0.0122846	13.7703
0.350494	0.0111678	13.7865
0.350494	0.0101526	14.2396
0.350494	0.0092296	14.7708
0.350494	0.00839055	15.5589
0.350494	0.00762777	16.8697
0.350494	0.00693433	18.2989
0.350494	0.00630394	20.2928
0.350494	0.00573086	22.5086
0.350494	0.00520987	24.976
0.350494	0.00473624	27.4148
0.350494	0.00430568	29.8479
0.350494	0.00391425	32.3248
0.350494	0.00355841	34.7891
0.350494	0.00323492	37.1122
0.350494	0.00294083	39.1307
0.350494	0.00267349	40.9738
0.350494	0.00243044	42.6698
0.350494	0.00220949	44.2877
0.350494	0.00200863	45.8289
0.350494	0.00182603	47.2273
0.350494	0.00166002	48.4387
0.350494	0.00150911	49.4774
0.350494	0.00137192	50.376
0.350494	0.0012472	51.1695
0.350494	0.00113382	51.8845
0.350494	0.00103074	52.5447
0.350494	0.000937041	53.1418
0.350494	0.000851855	53.6721
0.350494	0.000774414	54.1278
0.350494	0.000704013	54.5188
0.350494	0.000640011	54.8656
0.350494	0.000581829	55.174
0.350494	0.000528935	55.4446
0.318631	0.1	28.4346
0.318631	0.0909091	27.0485
0.318631	0.0826446	25.8345
0.318631	0.0751315	24.768
0.318631	0.0683013	23.8066
0.318631	0.0620921	22.9013
0.318631	0.0564474	21.9873
0.318631	0.0513158	20.9673
0.318631	0.0466507	19.8211
0.318631	0.0424098	18.6523
0.318631	0.0385543	17.5489
0.318631	0.0350494	16.5782
0.318631	0.0318631	15.7686
0.318631	0.0289664	15.1152
0.318631	0.0263331	14.644
0.318631	0.0239392	14.305
0.318631	0.0217629	14.0468
0.318631	0.0197845	13.8383
0.318631	0.0179859	13.662
0.318631	0.0163508	13.5128
0.318631	0.0148644	13.3933
0.318631	0.0135131	13.3027
0.318631	0.0122846	13.3758
0.318631	0.0111678	13.6212
0.318631	0.0101526	13.6252
0.318631	0.0092296	13.9654
0.318631	0.00839055	14.737
0.318631	0.00762777	15.6009
0.318631	0.00693433	17.0276
0.318631	0.00630394	18.5575
0.318631	0.00573086	20.6602
0.318631	0.00520987	23.0035
0.318631	0.00473624	25.5277
0.318631	0.00430568	27.9702
0.318631	0.00391425	30.4572
0.318631	0.00355841	32.9447
0.318631	0.00323492	35.3949
0.318631	0.00294083	37.6648
0.318631	0.00267349	39.6213
0.318631	0.00243044	41.427
0.318631	0.00220949	43.1073
0.318631	0.00200863	44.718
0.318631	0.00182603	46.2337
0.318631	0.00166002	47.584
0.318631	0.00150911	48.7458
0.318631	0.00137192	49.747
0.318631	0.0012472	50.6121
0.318631	0.00113382	51.3805
0.318631	0.00103074	52.0797
0.318631	0.000937041	52.7195
0.318631	0.000851855	53.2997
0.318631	0.000774414	53.8105
0.318631	0.000704013	54.2448
0.318631	0.000640011	54.6224
0.318631	0.000581829	54.958
0.318631	0.000528935	55.2552
0.289664	0.1	30.1641
0.289664	0.0909091	28.5864
0.289664	0.0826446	27.2174
0.289664	0.0751315	26.0211
0.289664	0.0683013	24.9705
0.289664	0.0620921	24.0107
0.289664	0.0564474	23.0906
0.289664	0.0513158	22.1092
0.289664	0.0466507	20.9429
0.289664	0.0424098	19.6394
0.289664	0.0385543	18.3521
0.289664	0.0350494	17.1737
0.289664	0.0318631	16.1953
0.289664	0.0289664	15.3902
0.289664	0.0263331	14.7994
0.289664	0.0239392	14.3923
0.289664	0.0217629	14.093
0.289664	0.0197845	13.8571
0.289664	0.0179859	13.6587
0.289664	0.0163508	13.4859
0.289664	0.0148644	13.3419
0.289664	0.0135131	13.23
0.289664	0.0122846	13.1456
0.289664	0.0111678	13.2431
0.289664	0.0101526	13.4905
0.289664	0.0092296	13.4883
0.289664	0.00839055	13.7149
0.289664	0.00762777	14.6922
0.289664	0.00693433	15.6557
0.289664	0.00630394	17.1131
0.289664	0.00573086	18.8469
0.289664	0.00520987	20.9297
0.289664	0.00473624	23.5645
0.289664	0.00430568	26.1423
0.289664	0.00391425	28.5814
0.289664	0.00355841	31.1168
0.289664	0.00323492	33.6092
0.289664	0.00294083	36.0298
0.289664	0.00267349	38.2171
0.289664	0.00243044	40.1313
0.289664	0.00220949	41.8972
0.289664	0.00200863	43.5641
0.289664	0.00182603	45.167
0.289664	0.00166002	46.6439
0.289664	0.00150911	47.9384
0.289664	0.00137192	49.0533
0.289664	0.0012472	50.0157
0.289664	0.00113382	50.8488
0.289664	0.00103074	51.593
0.289664	0.000937041	52.2745
0.289664	0.000851855	52.8946
0.289664	0.000774414	53.4581
0.289664	0.000704013	53.9455
0.289664	0.000640011	54.3602
0.289664	0.000581829	54.7255
0.289664	0.000528935	55.0491
0.263331	0.1	32.1435
0.263331	0.0909091	30.3158
0.263331	0.0826446	28.773
0.263331	0.0751315	27.421
0.263331	0.0683013	26.2509
0.263331	0.0620921	25.2141
0.263331	0.0564474	24.2551
0.263331	0.0513158	23.3097
0.263331	0.0466507	22.2117
0.263331	0.0424098	20.8475
0.263331	0.0385543	19.3764
0.263331	0.0350494	17.9672
0.263331	0.0318631	16.7594
0.263331	0.0289664	15.7856
0.263331	0.0263331	15.0313
0.263331	0.0239392	14.5308
0.263331	0.0217629	14.1797
0.263331	0.0197845	13.9116
0.263331	0.0179859	13.6912
0.263331	0.0163508	13.4972
0.263331	0.0148644	13.3276
0.263331	0.0135131	13.1918
0.263331	0.0122846	13.0886
0.263331	0.0111678	13.0101
0.263331	0.0101526	13.0346
0.263331	0.0092296	13.3773
0.263331	0.00839055	13.3698
0.263331	0.00762777	13.4783
0.263331	0.00693433	14.055
0.263331	0.00630394	15.6892
0.263331	0.00573086	17.2183
0.263331	0.00520987	19.1143
0.263331	0.00473624	21.3761
0.263331	0.00430568	24.149
0.263331	0.00391425	26.666
0.263331	0.00355841	29.2132
0.263331	0.00323492	31.7752
0.263331	0.00294083	34.3055
0.263331	0.00267349	36.6883
0.263331	0.00243044	38.7165
0.263331	0.00220949	40.6554
0.263331	0.00200863	42.3913
0.263331	0.00182603	44.0444
0.263331	0.00166002	45.628
0.263331	0.00150911	47.0511
0.263331	0.00137192	48.2903
0.263331	0.0012472	49.3623
0.263331	0.00113382	50.2828
0.263331	0.00103074	51.085
0.263331	0.000937041	51.8107
0.263331	0.000851855	52.4665
0.263331	0.000774414	53.0715
0.263331	0.000704013	53.6136
0.263331	0.000640011	54.0767
0.263331	0.000581829	54.4754
0.263331	0.000528935	54.8274
0.239392	0.1	34.4514
0.239392	0.0909091	32.2639
0.239392	0.0826446	30.5143
0.239392	0.0751315	28.9912
0.239392	0.0683013	27.6669
0.239392	0.0620921	26.5264
0.239392	0.0564474	25.4992
0.239392	0.0513158	24.5419
0.239392	0.0466507	23.5435
0.239392	0.0424098	22.2515
0.239392	0.0385543	20.6512
0.239392	0.0350494	19.0074
0.239392	0.0318631	17.5024
0.239392	0.0289664	16.3208
0.239392	0.0263331	15.3643
0.239392	0.0239392	14.7289
0.239392	0.0217629	14.3096
0.239392	0.0197845	14.0017
0.239392	0.0179859	13.7564
0.239392	0.0163508	13.544
0.239392	0.0148644	13.3507
0.239392	0.0135131	13.1878
0.239392	0.0122846	13.0628
0.239392	0.0111678	12.9679
0.239392	0.0101526	12.8944
0.239392	0.0092296	12.9235
0.239392	0.00839055	13.002
0.239392	0.00762777	13.2683
0.239392	0.00693433	13.3744
0.239392	0.00630394	13.9022
0.239392	0.00573086	15.5029
0.239392	0.00520987	17.4067
0.239392	0.00473624	19.5058
0.239392	0.00430568	21.8536
0.239392	0.00391425	24.5678
0.239392	0.00355841	27.2318
0.239392	0.00323492	29.9085
0.239392	0.00294083	32.4511
0.239392	0.00267349	35.0394
0.239392	0.00243044	37.2865
0.239392	0.00220949	39.2794
0.239392	0.00200863	41.1876
0.239392	0.00182603	42.9029
0.239392	0.00166002	44.5472
0.239392	0.00150911	46.09
0.239392	0.00137192	47.4514
0.239392	0.0012472	48.6402
0.239392	0.00113382	49.6719
0.239392	0.00103074	50.5467
0.239392	0.000937041	51.321
0.239392	0.000851855	52.0241
0.239392	0.000774414	52.6586
0.239392	0.000704013	53.2495
0.239392	0.000640011	53.7647
0.239392	0.000581829	54.2053
0.239392	0.000528935	54.5902
0.217629	0.1	37.237
0.217629	0.0909091	34.482
0.217629	0.0826446	32.4577
0.217629	0.0751315	30.7477
0.217629	0.0683013	29.2459
0.217629	0.0620921	27.9629
0.217629	0.0564474	26.8461
0.217629	0.0513158	25.829
0.217629	0.0466507	24.8702
0.217629	0.0424098	23.755
0.217629	0.0385543	22.1771
0.217629	0.0350494	20.3281
0.217629	0.0318631	18.5027
0.217629	0.0289664	17.0075
0.217629	0.0263331	15.839
0.217629	0.0239392	15.0008
0.217629	0.0217629	14.4879
0.217629	0.0197845	14.1291
0.217629	0.0179859	13.8528
0.217629	0.0163508	13.6219
0.217629	0.0148644	13.4102
0.217629	0.0135131	13.2191
0.217629	0.0122846	13.0678
0.217629	0.0111678	12.9539
0.217629	0.0101526	12.8661
0.217629	0.0092296	12.7966
0.217629	0.00839055	12.7407
0.217629	0.00762777	12.8019
0.217629	0.00693433	13.1824
0.217629	0.00630394	13.2902
0.217629	0.00573086	13.4957
0.217629	0.00520987	14.9061
0.217629	0.00473624	17.2731
0.217629	0.00430568	19.9776
0.217629	0.00391425	22.5361
0.217629	0.00355841	25.2797
0.217629	0.00323492	27.9237
0.217629	0.00294083	30.6003
0.217629	0.00267349	33.2029
0.217629	0.00243044	35.797
0.217629	0.00220949	37.9013
0.217629	0.00200863	39.8608
0.217629	0.00182603	41.6295
0.217629	0.00166002	43.4132
0.217629	0.00150911	45.0603
0.217629	0.00137192	46.5434
0.217629	0.0012472	47.8479
0.217629	0.00113382	48.9914
0.217629	0.00103074	49.9741
0.217629	0.000937041	50.809
0.217629	0.000851855	51.5629
0.217629	0.000774414	52.2324
0.217629	0.000704013	52.8547
0.217629	0.000640011	53.4217
0.217629	0.000581829	53.912
0.217629	0.000528935	54.3338
0.197845	0.1	40.7946
0.197845	0.0909091	37.0649
0.197845	0.0826446	34.634
0.197845	0.0751315	32.7018
0.197845	0.0683013	31.0134
0.197845	0.0620921	29.5487
0.197845	0.0564474	28.311
0.197845	0.0513158	27.209
0.197845	0.0466507	26.2086
0.197845	0.0424098	25.2287
0.197845	0.0385543	23.8745
0.197845	0.0350494	21.9486
0.197845	0.0318631	19.8388
0.197845	0.0289664	17.9
0.197845	0.0263331	16.4918
0.197845	0.0239392	15.3731
0.197845	0.0217629	14.7228
0.197845	0.0197845	14.2976
0.197845	0.0179859	13.982
0.197845	0.0163508	13.7277
0.197845	0.0148644	13.502
0.197845	0.0135131	13.2872
0.197845	0.0122846	13.1049
0.197845	0.0111678	12.9676
0.197845	0.0101526	12.8635
0.197845	0.0092296	12.7815
0.197845	0.00839055	12.7151
0.197845	0.00762777	12.6603
0.197845	0.00693433	12.7249
0.197845	0.00630394	12.9945
0.197845	0.00573086	13.0975
0.197845	0.00520987	13.3139
0.197845	0.00473624	14.448
0.197845	0.00430568	17.1975
0.197845	0.00391425	20.467
0.197845	0.00355841	23.1883
0.197845	0.00323492	25.7997
0.197845	0.00294083	28.5072
0.197845	0.00267349	31.1416
0.197845	0.00243044	34.0201
0.197845	0.00220949	36.5008
0.197845	0.00200863	38.5296
0.197845	0.00182603	40.4122
0.197845	0.00166002	42.2309
0.197845	0.00150911	43.9812
0.197845	0.00137192	45.5701
0.197845	0.0012472	46.9917
0.197845	0.00113382	48.2431
0.197845	0.00103074	49.3451
0.197845	0.000937041	50.2658
0.197845	0.000851855	51.0695
0.197845	0.000774414	51.7957
0.197845	0.000704013	52.4395
0.197845	0.000640011	53.0516
0.197845	0.000581829	53.5885
0.197845	0.000528935	54.0565
0.179859	0.1	45.5977
0.179859	0.0909091	40.2022
0.179859	0.0826446	37.1029
0.179859	0.0751315	34.8721
0.179859	0.0683013	32.9813
0.179859	0.0620921	31.3188
0.179859	0.0564474	29.9108
0.179859	0.0513158	28.7064
0.179859	0.0466507	27.6196
0.179859	0.0424098	26.6415
0.179859	0.0385543	25.5758
0.179859	0.0350494	23.8201
0.179859	0.0318631	21.5316
0.179859	0.0289664	19.1347
0.179859	0.0263331	17.3125
0.179859	0.0239392	15.9004
0.179859	0.0217629	15.0277
0.179859	0.0197845	14.5128
0.179859	0.0179859	14.147
0.179859	0.0163508	13.862
0.179859	0.0148644	13.6204
0.179859	0.0135131	13.3909
0.179859	0.0122846	13.1772
0.179859	0.0111678	13.0103
0.179859	0.0101526	12.8861
0.179859	0.0092296	12.79
0.179859	0.00839055	12.7125
0.179859	0.00762777	12.6483
0.179859	0.00693433	12.5943
0.179859	0.00630394	12.6615
0.179859	0.00573086	12.7519
0.179859	0.00520987	13.0359
0.179859	0.00473624	13.1745
0.179859	0.00430568	14.06
0.179859	0.00391425	16.3711
0.179859	0.00355841	20.4372
0.179859	0.00323492	23.7962
0.179859	0.00294083	26.3112
0.179859	0.00267349	28.9904
0.179859	0.00243044	31.9187
0.179859	0.00220949	34.8066
0.179859	0.00200863	37.1926
0.179859	0.00182603	39.1707
0.179859	0.00166002	40.9712
0.179859	0.00150911	42.7623
0.179859	0.00137192	44.5115
0.179859	0.0012472	46.078
0.179859	0.00113382	47.4305
0.179859	0.00103074	48.6405
0.179859	0.000937041	49.6845
0.179859	0.000851855	50.5534
0.179859	0.000774414	51.3338
0.179859	0.000704013	52.02
0.179859	0.000640011	52.6525
0.179859	0.000581829	53.2399
0.179859	0.000528935	53.7527
0.163508	0.1	51.794
0.163508	0.0909091	44.3513
0.163508	0.0826446	39.9755
0.163508	0.0751315	37.2933
0.163508	0.0683013	35.1625
0.163508	0.0620921	33.2966
0.163508	0.0564474	31.6787
0.163508	0.0513158	30.3329
0.163508	0.0466507	29.1459
0.163508	0.0424098	28.0863
0.163508	0.0385543	27.124
0.163508	0.0350494	25.8029
0.163508	0.0318631	23.5475
0.163508	0.0289664	20.8571
0.163508	0.0263331	18.3541
0.163508	0.0239392	16.6779
0.163508	0.0217629	15.4257
0.163508	0.0197845	14.7829
0.163508	0.0179859	14.3522
0.163508	0.0163508	14.0277
0.163508	0.0148644	13.7633
0.163508	0.0135131	13.524
0.163508	0.0122846	13.2871
0.163508	0.0111678	13.0848
0.163508	0.0101526	12.9349
0.163508	0.0092296	12.8217
0.163508	0.00839055	12.7318
0.163508	0.00762777	12.6577
0.163508	0.00693433	12.5951
0.163508	0.00630394	12.5415
0.163508	0.00573086	12.4956
0.163508	0.00520987	12.5764
0.163508	0.00473624	12.8648
0.163508	0.00430568	13.1377
0.163508	0.00391425	13.6692
0.163508	0.00355841	15.9635
0.163508	0.00323492	20.3913
0.163508	0.00294083	24.2927
0.163508	0.00267349	26.8126
0.163508	0.00243044	29.6437
0.163508	0.00220949	32.4495
0.163508	0.00200863	35.1955
0.163508	0.00182603	37.7469
0.163508	0.00166002	39.8085
0.163508	0.00150911	41.5629
0.163508	0.00137192	43.3097
0.163508	0.0012472	45.0048
0.163508	0.00113382	46.5707
0.163508	0.00103074	47.8709
0.163508	0.000937041	49.0355
0.163508	0.000851855	50.0074
0.163508	0.000774414	50.8398
0.163508	0.000704013	51.5865
0.163508	0.000640011	52.24
0.163508	0.000581829	52.866
0.163508	0.000528935	53.4216
0.148644	0.1	59.0545
0.148644	0.0909091	50.4843
0.148644	0.0826446	43.4831
0.148644	0.0751315	40.034
0.148644	0.0683013	37.5794
0.148644	0.0620921	35.4901
0.148644	0.0564474	33.656
0.148644	0.0513158	32.1082
0.148644	0.0466507	30.8059
0.148644	0.0424098	29.635
0.148644	0.0385543	28.6149
0.148644	0.0350494	27.6315
0.148644	0.0318631	25.7656
0.148644	0.0289664	23.0142
0.148644	0.0263331	19.8502
0.148644	0.0239392	17.6736
0.148644	0.0217629	15.9662
0.148644	0.0197845	15.1203
0.148644	0.0179859	14.6041
0.148644	0.0163508	14.2292
0.148644	0.0148644	13.9336
0.148644	0.0135131	13.6799
0.148644	0.0122846	13.4323
0.148644	0.0111678	13.1954
0.148644	0.0101526	13.0122
0.148644	0.0092296	12.8773
0.148644	0.00839055	12.7727
0.148644	0.00762777	12.6875
0.148644	0.00693433	12.6158
0.148644	0.00630394	12.5544
0.148644	0.00573086	12.501
0.148644	0.00520987	12.454
0.148644	0.00473624	12.5338
0.148644	0.00430568	12.8256
0.148644	0.00391425	13.1007
0.148644	0.00355841	13.452
0.148644	0.00323492	15.0165
0.148644	0.00294083	18.9093
0.148644	0.00267349	24.637
0.148644	0.00243044	27.4492
0.148644	0.00220949	30.2697
0.148644	0.00200863	33.0723
0.148644	0.00182603	35.8713
0.148644	0.00166002	38.4158
0.148644	0.00150911	40.3877
0.148644	0.00137192	42.1871
0.148644	0.0012472	43.8593
0.148644	0.00113382	45.5187
0.148644	0.00103074	47.0241
0.148644	0.000937041	48.3111
0.148644	0.000851855	49.4114
0.148644	0.000774414	50.3195
0.148644	0.000704013	51.1233
0.148644	0.000640011	51.8269
0.148644	0.000581829	52.4665
0.148644	0.000528935	53.0698
0.135131	0.1	66.6397
0.135131	0.0909091	58.2891
0.135131	0.0826446	48.3535
0.135131	0.0751315	43.2231
0.135131	0.0683013	40.2698
0.135131	0.0620921	37.9193
0.135131	0.0564474	35.8605
0.135131	0.0513158	34.0758
0.135131	0.0466507	32.6069
0.135131	0.0424098	31.323
0.135131	0.0385543	30.1852
0.135131	0.0350494	29.2054
0.135131	0.0318631	28.0404
0.135131	0.0289664	25.4317
0.135131	0.0263331	22.1045
0.135131	0.0239392	18.8746
0.135131	0.0217629	16.8094
0.135131	0.0197845	15.5441
0.135131	0.0179859	14.911
0.135131	0.0163508	14.4715
0.135131	0.0148644	14.1354
0.135131	0.0135131	13.8587
0.135131	0.0122846	13.6044
0.135131	0.0111678	13.3452
0.135131	0.0101526	13.1221
0.135131	0.0092296	12.9587
0.135131	0.00839055	12.8358
0.135131	0.00762777	12.7376
0.135131	0.00693433	12.6559
0.135131	0.00630394	12.5861
0.135131	0.00573086	12.5254
0.135131	0.00520987	12.4716
0.135131	0.00473624	12.4222
0.135131	0.00430568	12.3762
0.135131	0.00391425	12.4661
0.135131	0.00355841	12.9353
0.135131	0.00323492	13.2073
0.135131	0.00294083	14.7
0.135131	0.00267349	18.2177
0.135131	0.00243044	23.8062
0.135131	0.00220949	27.685
0.135131	0.00200863	30.7264
0.135131	0.00182603	33.6445
0.135131	0.00166002	36.0772
0.135131	0.00150911	38.5838
0.135131	0.00137192	41.0443
0.135131	0.0012472	42.8003
0.135131	0.00113382	44.4272
0.135131	0.00103074	45.986
0.135131	0.000937041	47.4522
0.135131	0.000851855	48.7441
0.135131	0.000774414	49.7683
0.135131	0.000704013	50.6302
0.135131	0.000640011	51.3933
0.135131	0.000581829	52.0611
0.135131	0.000528935	52.6938
0.122846	0.1	73.9411
0.122846	0.0909091	67.5755
0.122846	0.0826446	56.1879
0.122846	0.0751315	47.1472
0.122846	0.0683013	43.3136
0.122846	0.0620921	40.6089
0.122846	0.0564474	38.3005
0.122846	0.0513158	36.2804
0.122846	0.0466507	34.575
0.122846	0.0424098	33.1604
0.122846	0.0385543	31.8904
0.122846	0.0350494	30.8045
0.122846	0.0318631	29.8512
0.122846	0.0289664	28.0443
0.122846	0.0263331	24.7943
0.122846	0.0239392	20.6892
0.122846	0.0217629	18.0831
0.122846	0.0197845	16.0883
0.122846	0.0179859	15.2851
0.122846	0.0163508	14.7617
0.122846	0.0148644	14.3739
0.122846	0.0135131	14.0648
0.122846	0.0122846	13.7968
0.122846	0.0111678	13.5305
0.122846	0.0101526	13.2699
0.122846	0.0092296	13.0692
0.122846	0.00839055	12.9225
0.122846	0.00762777	12.8086
0.122846	0.00693433	12.7153
0.122846	0.00630394	12.6362
0.122846	0.00573086	12.5678
0.122846	0.00520987	12.5072
0.122846	0.00473624	12.4515
0.122846	0.00430568	12.3987
0.122846	0.00391425	12.3493
0.122846	0.00355841	12.4335
0.122846	0.00323492	12.7449
0.122846	0.00294083	12.9918
0.122846	0.00267349	14.1433
0.122846	0.00243044	17.4266
0.122846	0.00220949	22.9403
0.122846	0.00200863	27.8427
0.122846	0.00182603	31.2284
0.122846	0.00166002	34.0478
0.122846	0.00150911	36.4298
0.122846	0.00137192	38.9733
0.122846	0.0012472	41.5608
0.122846	0.00113382	43.3847
0.122846	0.00103074	45.0158
0.122846	0.000937041	46.4689
0.122846	0.000851855	47.9272
0.122846	0.000774414	49.1584
0.122846	0.000704013	50.1052
0.122846	0.000640011	50.9297
0.122846	0.000581829	51.6492
0.122846	0.000528935	52.2991
0.111678	0.1	79.9593
0.111678	0.0909091	76.0317
0.111678	0.0826446	66.355
0.111678	0.0751315	53.3488
0.111678	0.0683013	46.8638
0.111678	0.0620921	43.601
0.111678	0.0564474	41.004
0.111678	0.0513158	38.7331
0.111678	0.0466507	36.7645
0.111678	0.0424098	35.1529
0.111678	0.0385543	33.7576
0.111678	0.0350494	32.5232
0.111678	0.0318631	31.4927
0.111678	0.0289664	30.524
0.111678	0.0263331	27.5927
0.111678	0.0239392	23.7099
0.111678	0.0217629	19.4905
0.111678	0.0197845	16.8643
0.111678	0.0179859	15.7433
0.111678	0.0163508	15.1091
0.111678	0.0148644	14.6552
0.111678	0.0135131	14.3039
0.111678	0.0122846	14.0118
0.111678	0.0111678	13.7407
0.111678	0.0101526	13.459
0.111678	0.0092296	13.214
0.111678	0.00839055	13.0357
0.111678	0.00762777	12.9018
0.111678	0.00693433	12.7947
0.111678	0.00630394	12.705
0.111678	0.00573086	12.6279
0.111678	0.00520987	12.5602
0.111678	0.00473624	12.4985
0.111678	0.00430568	12.4398
0.111678	0.00391425	12.3841
0.111678	0.00355841	12.3332
0.111678	0.00323492	12.4163
0.111678	0.00294083	12.5206
0.111678	0.00267349	12.9232
0.111678	0.00243044	13.8819
0.111678	0.00220949	17.0254
0.111678	0.00200863	21.9875
0.111678	0.00182603	28.2431
0.111678	0.00166002	31.6315
0.111678	0.00150911	34.4453
0.111678	0.00137192	36.9271
0.111678	0.0012472	39.492
0.111678	0.00113382	42.1315
0.111678	0.00103074	43.9605
0.111678	0.000937041	45.5624
0.111678	0.000851855	46.9881
0.111678	0.000774414	48.3086
0.111678	0.000704013	49.4463
0.111678	0.000640011	50.4224
0.111678	0.000581829	51.2139
0.111678	0.000528935	51.8998
0.101526	0.1	84.7668
0.101526	0.0909091	83.7244
0.101526	0.0826446	76.981
0.101526	0.0751315	62.6686
0.101526	0.0683013	51.3105
0.101526	0.0620921	46.9901
0.101526	0.0564474	43.9978
0.101526	0.0513158	41.4462
0.101526	0.0466507	39.2206
0.101526	0.0424098	37.3354
0.101526	0.0385543	35.7899
0.101526	0.0350494	34.4047
0.101526	0.0318631	33.2316
0.101526	0.0289664	32.2438
0.101526	0.0263331	30.881
0.101526	0.0239392	26.7851
0.101526	0.0217629	21.8944
0.101526	0.0197845	18.4914
0.101526	0.0179859	16.3114
0.101526	0.0163508	15.5265
0.101526	0.0148644	14.9871
0.101526	0.0135131	14.5816
0.101526	0.0122846	14.2555
0.101526	0.0111678	13.9703
0.101526	0.0101526	13.684
0.101526	0.0092296	13.3994
0.101526	0.00839055	13.1795
0.101526	0.00762777	13.0195
0.101526	0.00693433	12.8951
0.101526	0.00630394	12.793
0.101526	0.00573086	12.7061
0.101526	0.00520987	12.6305
0.101526	0.00473624	12.5623
0.101526	0.00430568	12.4979
0.101526	0.00391425	12.4364
0.101526	0.00355841	12.3795
0.101526	0.00323492	12.328
0.101526	0.00294083	12.2804
0.101526	0.00267349	12.3654
0.101526	0.00243044	12.9012
0.101526	0.00220949	13.4587
0.101526	0.00200863	15.9205
0.101526	0.00182603	20.7076
0.101526	0.00166002	27.3902
0.101526	0.00150911	32.0924
0.101526	0.00137192	34.9946
0.101526	0.0012472	37.3966
0.101526	0.00113382	39.5738
0.101526	0.00103074	42.2249
0.101526	0.000937041	44.5147
0.101526	0.000851855	46.0387
0.101526	0.000774414	47.498
0.101526	0.000704013	48.7089
0.101526	0.000640011	49.8017
0.101526	0.000581829	50.7282
0.101526	0.000528935	51.4852
0.092296	0.1	89.4425
0.092296	0.0909091	88.6789
0.092296	0.0826446	86.7738
0.092296	0.0751315	77.5548
0.092296	0.0683013	61.3277
0.092296	0.0620921	50.9882
0.092296	0.0564474	47.3321
0.092296	0.0513158	44.454
0.092296	0.0466507	41.9492
0.092296	0.0424098	39.7734
0.092296	0.0385543	37.9942
0.092296	0.0350494	36.4701
0.092296	0.0318631	35.1199
0.092296	0.0289664	34.0151
0.092296	0.0263331	33.0487
0.092296	0.0239392	30.2563
0.092296	0.0217629	25.8165
0.092296	0.0197845	20.24
0.092296	0.0179859	17.0429
0.092296	0.0163508	16.0304
0.092296	0.0148644	15.3806
0.092296	0.0135131	14.9052
0.092296	0.0122846	14.5343
0.092296	0.0111678	14.2235
0.092296	0.0101526	13.9331
0.092296	0.0092296	13.6284
0.092296	0.00839055	13.3601
0.092296	0.00762777	13.1649
0.092296	0.00693433	13.0187
0.092296	0.00630394	12.9014
0.092296	0.00573086	12.8031
0.092296	0.00520987	12.7184
0.092296	0.00473624	12.6431
0.092296	0.00430568	12.5729
0.092296	0.00391425	12.5054
0.092296	0.00355841	12.4425
0.092296	0.00323492	12.3854
0.092296	0.00294083	12.3331
0.092296	0.00267349	12.282
0.092296	0.00243044	12.3553
0.092296	0.00220949	12.6837
0.092296	0.00200863	13.3047
0.092296	0.00182603	15.2118
0.092296	0.00166002	19.4291
0.092296	0.00150911	25.005
0.092296	0.00137192	31.6779
0.092296	0.0012472	35.2192
0.092296	0.00113382	37.4602
0.092296	0.00103074	39.7203
0.092296	0.000937041	42.1105
0.092296	0.000851855	44.7529
0.092296	0.000774414	46.4872
0.092296	0.000704013	47.9277
0.092296	0.000640011	49.0485
0.092296	0.000581829	50.0839
0.092296	0.000528935	50.9205
0.0839055	0.1	94.2089
0.0839055	0.0909091	93.5553
0.0839055	0.0826446	92.7758
0.0839055	0.0751315	88.1638
0.0839055	0.0683013	73.194
0.0839055	0.0620921	56.3111
0.0839055	0.0564474	51.1222
0.0839055	0.0513158	47.79
0.0839055	0.0466507	44.9645
0.0839055	0.0424098	42.5104
0.0839055	0.0385543	40.4169
0.0839055	0.0350494	38.7168
0.0839055	0.0318631	37.1983
0.0839055	0.0289664	35.9165
0.0839055	0.0263331	34.8656
0.0839055	0.0239392	33.8965
0.0839055	0.0217629	29.1481
0.0839055	0.0197845	24.3012
0.0839055	0.0179859	18.68
0.0839055	0.0163508	16.6444
0.0839055	0.0148644	15.8494
0.0839055	0.0135131	15.2841
0.0839055	0.0122846	14.8549
0.0839055	0.0111678	14.5077
0.0839055	0.0101526	14.2021
0.0839055	0.0092296	13.8942
0.0839055	0.00839055	13.5846
0.0839055	0.00762777	13.3434
0.0839055	0.00693433	13.1681
0.0839055	0.00630394	13.032
0.0839055	0.00573086	12.92
0.0839055	0.00520987	12.8248
0.0839055	0.00473624	12.7414
0.0839055	0.00430568	12.6648
0.0839055	0.00391425	12.5914
0.0839055	0.00355841	12.5221
0.0839055	0.00323492	12.4589
0.0839055	0.00294083	12.4016
0.0839055	0.00267349	12.3474
0.0839055	0.00243044	12.2882
0.0839055	0.00220949	12.2375
0.0839055	0.00200863	12.69
0.0839055	0.00182603	13.1906
0.0839055	0.00166002	14.9923
0.0839055	0.00150911	19.1208
0.0839055	0.00137192	24.7327
0.0839055	0.0012472	31.2336
0.0839055	0.00113382	35.4712
0.0839055	0.00103074	37.6241
0.0839055	0.000937041	39.9099
0.0839055	0.000851855	42.4084
0.0839055	0.000774414	45.0434
0.0839055	0.000704013	46.977
0.0839055	0.000640011	48.3203
0.0839055	0.000581829	49.4269
0.0839055	0.000528935	50.3029
0.0762777	0.1	99.0954
0.0762777	0.0909091	98.5267
0.0762777	0.0826446	97.8621
0.0762777	0.0751315	97.0662
0.0762777	0.0683013	89.0557
0.0762777	0.0620921	69.1304
0.0762777	0.0564474	55.708
0.0762777	0.0513158	51.5169
0.0762777	0.0466507	48.312
0.0762777	0.0424098	45.546
0.0762777	0.0385543	43.1346
0.0762777	0.0350494	41.156
0.0762777	0.0318631	39.4819
0.0762777	0.0289664	37.9953
0.0762777	0.0263331	36.7938
0.0762777	0.0239392	35.7728
0.0762777	0.0217629	34.6035
0.0762777	0.0197845	27.8923
0.0762777	0.0179859	21.2322
0.0762777	0.0163508	17.408
0.0762777	0.0148644	16.4115
0.0762777	0.0135131	15.7307
0.0762777	0.0122846	15.2258
0.0762777	0.0111678	14.8302
0.0762777	0.0101526	14.4969
0.0762777	0.0092296	14.1844
0.0762777	0.00839055	13.8556
0.0762777	0.00762777	13.5621
0.0762777	0.00693433	13.3477
0.0762777	0.00630394	13.1873
0.0762777	0.00573086	13.0586
0.0762777	0.00520987	12.9509
0.0762777	0.00473624	12.8579
0.0762777	0.00430568	12.7741
0.0762777	0.00391425	12.6945
0.0762777	0.00355841	12.6186
0.0762777	0.00323492	12.549
0.0762777	0.00294083	12.4861
0.0762777	0.00267349	12.4277
0.0762777	0.00243044	12.3697
0.0762777	0.00220949	12.3002
0.0762777	0.00200863	12.2698
0.0762777	0.00182603	12.625
0.0762777	0.00166002	12.8814
0.0762777	0.00150911	14.54
0.0762777	0.00137192	18.3639
0.0762777	0.0012472	23.9781
0.0762777	0.00113382	30.3897
0.0762777	0.00103074	35.2501
0.0762777	0.000937041	37.9634
0.0762777	0.000851855	39.9584
0.0762777	0.000774414	42.5621
0.0762777	0.000704013	44.9319
0.0762777	0.000640011	47.1816
0.0762777	0.000581829	48.6543
0.0762777	0.000528935	49.7918
0.0693433	0.1	104.116
0.0693433	0.0909091	103.615
0.0693433	0.0826446	103.039
0.0693433	0.0751315	102.366
0.0693433	0.0683013	101.533
0.0693433	0.0620921	90.3978
0.0693433	0.0564474	68.6336
0.0693433	0.0513158	55.8617
0.0693433	0.0466507	52.0368
0.0693433	0.0424098	48.8948
0.0693433	0.0385543	46.1873
0.0693433	0.0350494	43.849
0.0693433	0.0318631	41.9647
0.0693433	0.0289664	40.2921
0.0693433	0.0263331	38.8779
0.0693433	0.0239392	37.7422
0.0693433	0.0217629	36.7267
0.0693433	0.0197845	32.9689
0.0693433	0.0179859	27.1682
0.0693433	0.0163508	18.5792
0.0693433	0.0148644	17.0914
0.0693433	0.0135131	16.2613
0.0693433	0.0122846	15.6586
0.0693433	0.0111678	15.1989
0.0693433	0.0101526	14.826
0.0693433	0.0092296	14.4962
0.0693433	0.00839055	14.1648
0.0693433	0.00762777	13.8287
0.0693433	0.00693433	13.5635
0.0693433	0.00630394	13.3707
0.0693433	0.00573086	13.2212
0.0693433	0.00520987	13.0983
0.0693433	0.00473624	12.994
0.0693433	0.00430568	12.9018
0.0693433	0.00391425	12.8156
0.0693433	0.00355841	12.7328
0.0693433	0.00323492	12.6561
0.0693433	0.00294083	12.5869
0.0693433	0.00267349	12.5236
0.0693433	0.00243044	12.463
0.0693433	0.00220949	12.3951
0.0693433	0.00200863	12.3382
0.0693433	0.00182603	12.3152
0.0693433	0.00166002	12.5445
0.0693433	0.00150911	12.9922
0.0693433	0.00137192	14.2616
0.0693433	0.0012472	17.6132
0.0693433	0.00113382	23.8866
0.0693433	0.00103074	29.208
0.0693433	0.000937041	34.4651
0.0693433	0.000851855	38.1909
0.0693433	0.000774414	39.9811
0.0693433	0.000704013	42.1611
0.0693433	0.000640011	44.6835
0.0693433	0.000581829	47.2072
0.0693433	0.000528935	48.924
0.0630394	0.1	109.276
0.0630394	0.0909091	108.835
0.0630394	0.0826446	108.329
0.0630394	0.0751315	107.747
0.0630394	0.0683013	107.068
0.0630394	0.0620921	105.664
0.0630394	0.0564474	91.6722
0.0630394	0.0513158	61.572
0.0630394	0.0466507	56.2224
0.0630394	0.0424098	52.6273
0.0630394	0.0385543	49.56
0.0630394	0.0350494	46.884
0.0630394	0.0318631	44.6645
0.0630394	0.0289664	42.8156
0.0630394	0.0263331	41.1693
0.0630394	0.0239392	39.8466
0.0630394	0.0217629	38.7494
0.0630394	0.0197845	37.722
0.0630394	0.0179859	30.6694
0.0630394	0.0163508	26.3157
0.0630394	0.0148644	17.9514
0.0630394	0.0135131	16.8958
0.0630394	0.0122846	16.168
0.0630394	0.0111678	15.6242
0.0630394	0.0101526	15.1977
0.0630394	0.0092296	14.8374
0.0630394	0.00839055	14.4997
0.0630394	0.00762777	14.1451
0.0630394	0.00693433	13.8239
0.0630394	0.00630394	13.5875
0.0630394	0.00573086	13.4108
0.0630394	0.00520987	13.2694
0.0630394	0.00473624	13.1513
0.0630394	0.00430568	13.0491
0.0630394	0.00391425	12.9555
0.0630394	0.00355841	12.8657
0.0630394	0.00323492	12.7814
0.0630394	0.00294083	12.7051
0.0630394	0.00267349	12.6359
0.0630394	0.00243044	12.5711
0.0630394	0.00220949	12.5064
0.0630394	0.00200863	12.428
0.0630394	0.00182603	12.3928
0.0630394	0.00166002	12.3734
0.0630394	0.00150911	12.5095
0.0630394	0.00137192	13.1288
0.0630394	0.0012472	13.9657
0.0630394	0.00113382	16.4997
0.0630394	0.00103074	22.7889
0.0630394	0.000937041	27.7982
0.0630394	0.000851855	33.8917
0.0630394	0.000774414	38.0842
0.0630394	0.000704013	40.2056
0.0630394	0.000640011	41.8226
0.0630394	0.000581829	44.6489
0.0630394	0.000528935	46.9909
0.0573086	0.1	114.583
0.0573086	0.0909091	114.191
0.0573086	0.0826446	113.746
0.0573086	0.0751315	113.237
0.0573086	0.0683013	112.651
0.0573086	0.0620921	111.968
0.0573086	0.0564474	106.606
0.0573086	0.0513158	78.7295
0.0573086	0.0466507	61.3153
0.0573086	0.0424098	56.799
0.0573086	0.0385543	53.283
0.0573086	0.0350494	50.2904
0.0573086	0.0318631	47.6651
0.0573086	0.0289664	45.5571
0.0573086	0.0263331	43.7074
0.0573086	0.0239392	42.1338
0.0573086	0.0217629	40.8902
0.0573086	0.0197845	39.8041
0.0573086	0.0179859	38.7595
0.0573086	0.0163508	29.5767
0.0573086	0.0148644	19.3405
0.0573086	0.0135131	17.6634
0.0573086	0.0122846	16.7729
0.0573086	0.0111678	16.1199
0.0573086	0.0101526	15.6216
0.0573086	0.0092296	15.2174
0.0573086	0.00839055	14.8594
0.0573086	0.00762777	14.5018
0.0573086	0.00693433	14.137
0.0573086	0.00630394	13.8448
0.0573086	0.00573086	13.6319
0.0573086	0.00520987	13.4671
0.0573086	0.00473624	13.3322
0.0573086	0.00430568	13.2177
0.0573086	0.00391425	13.1155
0.0573086	0.00355841	13.0183
0.0573086	0.00323492	12.926
0.0573086	0.00294083	12.8417
0.0573086	0.00267349	12.7659
0.0573086	0.00243044	12.6959
0.0573086	0.00220949	12.6286
0.0573086	0.00200863	12.5502
0.0573086	0.00182603	12.4893
0.0573086	0.00166002	12.4607
0.0573086	0.00150911	12.4695
0.0573086	0.00137192	12.6543
0.0573086	0.0012472	13.1111
0.0573086	0.00113382	14.055
0.0573086	0.00103074	16.2222
0.0573086	0.000937041	21.8522
0.0573086	0.000851855	27.2178
0.0573086	0.000774414	32.7439
0.0573086	0.000704013	36.6766
0.0573086	0.000640011	40.1374
0.0573086	0.000581829	41.9804
0.0573086	0.000528935	44.5458
0.0520987	0.1	120.037
0.0520987	0.0909091	119.69
0.0520987	0.0826446	119.296
0.0520987	0.0751315	118.849
0.0520987	0.0683013	118.339
0.0520987	0.0620921	117.752
0.0520987	0.0564474	117.068
0.0520987	0.0513158	107.126
0.0520987	0.0466507	78.7702
0.0520987	0.0424098	61.7289
0.0520987	0.0385543	57.4593
0.0520987	0.0350494	54.0306
0.0520987	0.0318631	51.0632
0.0520987	0.0289664	48.5492
0.0520987	0.0263331	46.494
0.0520987	0.0239392	44.662
0.0520987	0.0217629	43.1891
0.0520987	0.0197845	41.9944
0.0520987	0.0179859	40.8999
0.0520987	0.0163508	39.8295
0.0520987	0.0148644	28.9554
0.0520987	0.0135131	18.7208
0.0520987	0.0122846	17.4973
0.0520987	0.0111678	16.7042
0.0520987	0.0101526	16.1102
0.0520987	0.0092296	15.6457
0.0520987	0.00839055	15.2533
0.0520987	0.00762777	14.8866
0.0520987	0.00693433	14.504
0.0520987	0.00630394	14.1519
0.0520987	0.00573086	13.8904
0.0520987	0.00520987	13.6951
0.0520987	0.00473624	13.5395
0.0520987	0.00430568	13.4099
0.0520987	0.00391425	13.2971
0.0520987	0.00355841	13.192
0.0520987	0.00323492	13.0913
0.0520987	0.00294083	12.9984
0.0520987	0.00267349	12.9149
0.0520987	0.00243044	12.8387
0.0520987	0.00220949	12.7668
0.0520987	0.00200863	12.6945
0.0520987	0.00182603	12.6065
0.0520987	0.00166002	12.5674
0.0520987	0.00150911	12.5422
0.0520987	0.00137192	12.6258
0.0520987	0.0012472	12.7637
0.0520987	0.00113382	12.9994
0.0520987	0.00103074	13.871
0.0520987	0.000937041	15.2812
0.0520987	0.000851855	20.1625
0.0520987	0.000774414	25.554
0.0520987	0.000704013	31.0681
0.0520987	0.000640011	35.7172
0.0520987	0.000581829	39.7862
0.0520987	0.000528935	41.9732
0.0473624	0.1	125.641
0.0473624	0.0909091	125.331
0.0473624	0.0826446	124.983
0.0473624	0.0751315	124.589
0.0473624	0.0683013	124.141
0.0473624	0.0620921	123.632
0.0473624	0.0564474	123.046
0.0473624	0.0513158	122.365
0.0473624	0.0466507	108.894
0.0473624	0.0424098	69.2865
0.0473624	0.0385543	62.172
0.0473624	0.0350494	58.1868
0.0473624	0.0318631	54.8574
0.0473624	0.0289664	51.9053
0.0473624	0.0263331	49.519
0.0473624	0.0239392	47.4667
0.0473624	0.0217629	45.7027
0.0473624	0.0197845	44.3234
0.0473624	0.0179859	43.1467
0.0473624	0.0163508	42.0377
0.0473624	0.0148644	36.1419
0.0473624	0.0135131	25.577
0.0473624	0.0122846	18.4528
0.0473624	0.0111678	17.3999
0.0473624	0.0101526	16.6809
0.0473624	0.0092296	16.1339
0.0473624	0.00839055	15.6919
0.0473624	0.00762777	15.301
0.0473624	0.00693433	14.9139
0.0473624	0.00630394	14.5176
0.0473624	0.00573086	14.1946
0.0473624	0.00520987	13.9587
0.0473624	0.00473624	13.7767
0.0473624	0.00430568	13.6285
0.0473624	0.00391425	13.5025
0.0473624	0.00355841	13.3884
0.0473624	0.00323492	13.2791
0.0473624	0.00294083	13.1767
0.0473624	0.00267349	13.0845
0.0473624	0.00243044	13.0012
0.0473624	0.00220949	12.9235
0.0473624	0.00200863	12.8488
0.0473624	0.00182603	12.7554
0.0473624	0.00166002	12.6934
0.0473624	0.00150911	12.6589
0.0473624	0.00137192	12.6688
0.0473624	0.0012472	12.8587
0.0473624	0.00113382	12.9482
0.0473624	0.00103074	13.0109
0.0473624	0.000937041	14.111
0.0473624	0.000851855	16.0146
0.0473624	0.000774414	19.5257
0.0473624	0.000704013	24.7843
0.0473624	0.000640011	30.0979
0.0473624	0.000581829	35.7135
0.0473624	0.000528935	39.3835
0.0430568	0.1	131.389
0.0430568	0.0909091	131.114
0.0430568	0.0826446	130.805
0.0430568	0.0751315	130.457
0.0430568	0.0683013	130.065
0.0430568	0.0620921	129.62
0.0430568	0.0564474	129.113
0.0430568	0.0513158	128.53
0.0430568	0.0466507	127.854
0.0430568	0.0424098	111.482
0.0430568	0.0385543	68.731
0.0430568	0.0350494	62.897
0.0430568	0.0318631	59.0102
0.0430568	0.0289664	55.7193
0.0430568	0.0263331	52.8471
0.0430568	0.0239392	50.5406
0.0430568	0.0217629	48.4956
0.0430568	0.0197845	46.8374
0.0430568	0.0179859	45.5205
0.0430568	0.0163508	44.3393
0.0430568	0.0148644	43.2194
0.0430568	0.0135131	32.6069
0.0430568	0.0122846	25.5142
0.0430568	0.0111678	18.3033
0.0430568	0.0101526	17.3559
0.0430568	0.0092296	16.6978
0.0430568	0.00839055	16.1863
0.0430568	0.00762777	15.7559
0.0430568	0.00693433	15.3555
0.0430568	0.00630394	14.942
0.0430568	0.00573086	14.5552
0.0430568	0.00520987	14.2648
0.0430568	0.00473624	14.0486
0.0430568	0.00430568	13.8771
0.0430568	0.00391425	13.7346
0.0430568	0.00355841	13.6092
0.0430568	0.00323492	13.491
0.0430568	0.00294083	13.3787
0.0430568	0.00267349	13.2767
0.0430568	0.00243044	13.1851
0.0430568	0.00220949	13.1007
0.0430568	0.00200863	13.0209
0.0430568	0.00182603	12.939
0.0430568	0.00166002	12.8406
0.0430568	0.00150911	12.7975
0.0430568	0.00137192	12.7849
0.0430568	0.0012472	12.9613
0.0430568	0.00113382	13.0238
0.0430568	0.00103074	13.084
0.0430568	0.000937041	13.1347
0.0430568	0.000851855	13.7804
0.0430568	0.000774414	15.6226
0.0430568	0.000704013	18.4889
0.0430568	0.000640011	22.8723
0.0430568	0.000581829	28.2335
0.0430568	0.000528935	33.9483
0.0391425	0.1	137.279
0.0391425	0.0909091	137.036
0.0391425	0.0826446	136.762
0.0391425	0.0751315	136.455
0.0391425	0.0683013	136.109
0.0391425	0.0620921	135.721
0.0391425	0.0564474	135.279
0.0391425	0.0513158	134.777
0.0391425	0.0466507	134.2
0.0391425	0.0424098	133.532
0.0391425	0.0385543	114.628
0.0391425	0.0350494	69.2597
0.0391425	0.0318631	63.7021
0.0391425	0.0289664	59.9311
0.0391425	0.0263331	56.6217
0.0391425	0.0239392	53.8821
0.0391425	0.0217629	51.5959
0.0391425	0.0197845	49.6063
0.0391425	0.0179859	48.056
0.0391425	0.0163508	46.766
0.0391425	0.0148644	45.572
0.0391425	0.0135131	44.4418
0.0391425	0.0122846	31.3621
0.0391425	0.0111678	25.4777
0.0391425	0.0101526	18.2239
0.0391425	0.0092296	17.3589
0.0391425	0.00839055	16.7507
0.0391425	0.00762777	16.263
0.0391425	0.00693433	15.8333
0.0391425	0.00630394	15.4126
0.0391425	0.00573086	14.9815
0.0391425	0.00520987	14.6232
0.0391425	0.00473624	14.361
0.0391425	0.00430568	14.1599
0.0391425	0.00391425	13.9967
0.0391425	0.00355841	13.8573
0.0391425	0.00323492	13.7291
0.0391425	0.00294083	13.6066
0.0391425	0.00267349	13.4938
0.0391425	0.00243044	13.3925
0.0391425	0.00220949	13.3004
0.0391425	0.00200863	13.2142
0.0391425	0.00182603	13.1311
0.0391425	0.00166002	13.0171
0.0391425	0.00150911	12.9566
0.0391425	0.00137192	12.9125
0.0391425	0.0012472	13.0249
0.0391425	0.00113382	13.1559
0.0391425	0.00103074	13.228
0.0391425	0.000937041	13.2493
0.0391425	0.000851855	13.4678
0.0391425	0.000774414	14.0353
0.0391425	0.000704013	15.5692
0.0391425	0.000640011	17.4491
0.0391425	0.000581829	21.8773
0.0391425	0.000528935	27.5105
0.0355841	0.1	143.307
0.0355841	0.0909091	143.09
0.0355841	0.0826446	142.849
0.0355841	0.0751315	142.578
0.0355841	0.0683013	142.274
0.0355841	0.0620921	141.932
0.0355841	0.0564474	141.548
0.0355841	0.0513158	141.112
0.0355841	0.0466507	140.616
0.0355841	0.0424098	140.048
0.0355841	0.0385543	139.392
0.0355841	0.0350494	118.205
0.0355841	0.0318631	70.0471
0.0355841	0.0289664	64.5994
0.0355841	0.0263331	60.9006
0.0355841	0.0239392	57.6092
0.0355841	0.0217629	54.9824
0.0355841	0.0197845	52.6979
0.0355841	0.0179859	50.8116
0.0355841	0.0163508	49.3406
0.0355841	0.0148644	48.051
0.0355841	0.0135131	46.8481
0.0355841	0.0122846	45.7023
0.0355841	0.0111678	27.8186
0.0355841	0.0101526	19.7711
0.0355841	0.0092296	18.1477
0.0355841	0.00839055	17.4052
0.0355841	0.00762777	16.8355
0.0355841	0.00693433	16.3597
0.0355841	0.00630394	15.9201
0.0355841	0.00573086	15.472
0.0355841	0.00520987	15.046
0.0355841	0.00473624	14.7225
0.0355841	0.00430568	14.4826
0.0355841	0.00391425	14.2933
0.0355841	0.00355841	14.1358
0.0355841	0.00323492	13.9956
0.0355841	0.00294083	13.8628
0.0355841	0.00267349	13.7382
0.0355841	0.00243044	13.626
0.0355841	0.00220949	13.5249
0.0355841	0.00200863	13.4313
0.0355841	0.00182603	13.3425
0.0355841	0.00166002	13.2452
0.0355841	0.00150911	13.1376
0.0355841	0.00137192	13.0905
0.0355841	0.0012472	13.1491
0.0355841	0.00113382	13.3134
0.0355841	0.00103074	13.3339
0.0355841	0.000937041	13.3866
0.0355841	0.000851855	13.6137
0.0355841	0.000774414	13.8403
0.0355841	0.000704013	14.3971
0.0355841	0.000640011	15.2341
0.0355841	0.000581829	16.8447
0.0355841	0.000528935	20.1048
0.0323492	0.1	149.465
0.0323492	0.0909091	149.273
0.0323492	0.0826446	149.059
0.0323492	0.0751315	148.819
0.0323492	0.0683013	148.554
0.0323492	0.0620921	148.255
0.0323492	0.0564474	147.918
0.0323492	0.0513158	147.54
0.0323492	0.0466507	147.111
0.0323492	0.0424098	146.624
0.0323492	0.0385543	146.066
0.0323492	0.0350494	145.424
0.0323492	0.0318631	122.153
0.0323492	0.0289664	71.0244
0.0323492	0.0263331	65.6119
0.0323492	0.0239392	61.883
0.0323492	0.0217629	58.6941
0.0323492	0.0197845	56.1241
0.0323492	0.0179859	53.8738
0.0323492	0.0163508	52.1063
0.0323492	0.0148644	50.6748
0.0323492	0.0135131	49.3738
0.0323492	0.0122846	48.1659
0.0323492	0.0111678	47.0058
0.0323492	0.0101526	28.0771
0.0323492	0.0092296	19.4332
0.0323492	0.00839055	18.1783
0.0323492	0.00762777	17.4915
0.0323492	0.00693433	16.9478
0.0323492	0.00630394	16.4725
0.0323492	0.00573086	16.0127
0.0323492	0.00520987	15.5431
0.0323492	0.00473624	15.1443
0.0323492	0.00430568	14.8522
0.0323492	0.00391425	14.6296
0.0323492	0.00355841	14.449
0.0323492	0.00323492	14.2936
0.0323492	0.00294083	14.1496
0.0323492	0.00267349	14.0129
0.0323492	0.00243044	13.8884
0.0323492	0.00220949	13.7767
0.0323492	0.00200863	13.6745
0.0323492	0.00182603	13.5785
0.0323492	0.00166002	13.4853
0.0323492	0.00150911	13.3474
0.0323492	0.00137192	13.2867
0.0323492	0.0012472	13.3126
0.0323492	0.00113382	13.4879
0.0323492	0.00103074	13.4989
0.0323492	0.000937041	13.5138
0.0323492	0.000851855	13.5783
0.0323492	0.000774414	13.7878
0.0323492	0.000704013	14.0511
0.0323492	0.000640011	14.5061
0.0323492	0.000581829	15.2259
0.0323492	0.000528935	16.425
0.0294083	0.1	155.746
0.0294083	0.0909091	155.576
0.0294083	0.0826446	155.387
0.0294083	0.0751315	155.177
0.0294083	0.0683013	154.942
0.0294083	0.0620921	154.681
0.0294083	0.0564474	154.388
0.0294083	0.0513158	154.058
0.0294083	0.0466507	153.687
0.0294083	0.0424098	153.267
0.0294083	0.0385543	152.791
0.0294083	0.0350494	152.246
0.0294083	0.0318631	151.619
0.0294083	0.0289664	126.458
0.0294083	0.0263331	72.1627
0.0294083	0.0239392	66.7138
0.0294083	0.0217629	62.9127
0.0294083	0.0197845	59.8604
0.0294083	0.0179859	57.3051
0.0294083	0.0163508	55.1415
0.0294083	0.0148644	53.4724
0.0294083	0.0135131	52.0481
0.0294083	0.0122846	50.7384
0.0294083	0.0111678	49.5211
0.0294083	0.0101526	48.3475
0.0294083	0.0092296	28.4496
0.0294083	0.00839055	19.377
0.0294083	0.00762777	18.2578
0.0294083	0.00693433	17.614
0.0294083	0.00630394	17.0834
0.0294083	0.00573086	16.5979
0.0294083	0.00520987	16.1104
0.0294083	0.00473624	15.6404
0.0294083	0.00430568	15.2787
0.0294083	0.00391425	15.012
0.0294083	0.00355841	14.8023
0.0294083	0.00323492	14.627
0.0294083	0.00294083	14.4698
0.0294083	0.00267349	14.3208
0.0294083	0.00243044	14.1828
0.0294083	0.00220949	14.0589
0.0294083	0.00200863	13.9468
0.0294083	0.00182603	13.8424
0.0294083	0.00166002	13.7433
0.0294083	0.00150911	13.6141
0.0294083	0.00137192	13.5066
0.0294083	0.0012472	13.5155
0.0294083	0.00113382	13.5721
