1	0.1	6.73313
1	0.0909091	6.37441
1	0.0826446	6.04885
1	0.0751315	5.76141
1	0.0683013	5.51417
1	0.0620921	5.30609
1	0.0564474	5.13344
1	0.0513158	4.99138
1	0.0466507	4.87442
1	0.0424098	4.778
1	0.0385543	4.69828
1	0.0350494	4.63224
1	0.0318631	4.57739
1	0.0289664	4.53173
1	0.0263331	4.49388
1	0.0239392	4.46291
1	0.0217629	4.43826
1	0.0197845	4.41959
1	0.0179859	4.40669
1	0.0163508	4.39941
1	0.0148644	4.39772
1	0.0135131	4.40169
1	0.0122846	4.41158
1	0.0111678	4.42799
1	0.0101526	4.45217
1	0.0092296	4.48871
1	0.00839055	4.54541
1	0.00762777	4.62038
1	0.00693433	4.72118
1	0.00630394	4.85951
1	0.00573086	5.04909
1	0.00520987	5.30071
1	0.00473624	5.61706
1	0.00430568	5.99597
1	0.00391425	6.4249
1	0.00355841	6.89553
1	0.00323492	7.40335
1	0.00294083	7.93491
1	0.00267349	8.47727
1	0.00243044	9.02295
1	0.00220949	9.55732
1	0.00200863	10.0713
1	0.00182603	10.5606
1	0.00166002	11.0195
1	0.00150911	11.4454
1	0.00137192	11.8403
1	0.0012472	12.2046
1	0.00113382	12.5374
1	0.00103074	12.8394
1	0.000937041	13.1126
1	0.000851855	13.3601
1	0.000774414	13.5831
1	0.000704013	13.7825
1	0.000640011	13.9604
1	0.000581829	14.1186
1	0.000528935	14.2593
0.909091	0.1	7.03928
0.909091	0.0909091	6.62695
0.909091	0.0826446	6.24706
0.909091	0.0751315	5.90772
0.909091	0.0683013	5.61372
0.909091	0.0620921	5.36576
0.909091	0.0564474	5.16067
0.909091	0.0513158	4.99267
0.909091	0.0466507	4.85524
0.909091	0.0424098	4.74243
0.909091	0.0385543	4.64943
0.909091	0.0350494	4.57234
0.909091	0.0318631	4.5082
0.909091	0.0289664	4.45441
0.909091	0.0263331	4.40916
0.909091	0.0239392	4.3712
0.909091	0.0217629	4.33979
0.909091	0.0197845	4.31453
0.909091	0.0179859	4.29519
0.909091	0.0163508	4.28153
0.909091	0.0148644	4.27338
0.909091	0.0135131	4.27062
0.909091	0.0122846	4.27324
0.909091	0.0111678	4.28146
0.909091	0.0101526	4.29574
0.909091	0.0092296	4.31732
0.909091	0.00839055	4.3519
0.909091	0.00762777	4.40752
0.909091	0.00693433	4.48025
0.909091	0.00630394	4.58119
0.909091	0.00573086	4.72191
0.909091	0.00520987	4.91921
0.909091	0.00473624	5.1828
0.909091	0.00430568	5.51435
0.909091	0.00391425	5.90842
0.909091	0.00355841	6.35288
0.909091	0.00323492	6.84116
0.909091	0.00294083	7.36783
0.909091	0.00267349	7.91645
0.909091	0.00243044	8.47614
0.909091	0.00220949	9.03794
0.909091	0.00200863	9.58373
0.909091	0.00182603	10.1069
0.909091	0.00166002	10.6024
0.909091	0.00150911	11.0641
0.909091	0.00137192	11.4914
0.909091	0.0012472	11.8875
0.909091	0.00113382	12.2518
0.909091	0.00103074	12.5835
0.909091	0.000937041	12.8837
0.909091	0.000851855	13.1549
0.909091	0.000774414	13.4005
0.909091	0.000704013	13.6211
0.909091	0.000640011	13.8181
0.909091	0.000581829	13.9933
0.909091	0.000528935	14.149
0.826446	0.1	7.4222
0.826446	0.0909091	6.95316
0.826446	0.0826446	6.51284
0.826446	0.0751315	6.11338
0.826446	0.0683013	5.7636
0.826446	0.0620921	5.46713
0.826446	0.0564474	5.22224
0.826446	0.0513158	5.02289
0.826446	0.0466507	4.86107
0.826446	0.0424098	4.72912
0.826446	0.0385543	4.62084
0.826446	0.0350494	4.5314
0.826446	0.0318631	4.457
0.826446	0.0289664	4.39455
0.826446	0.0263331	4.34163
0.826446	0.0239392	4.29654
0.826446	0.0217629	4.25828
0.826446	0.0197845	4.22639
0.826446	0.0179859	4.20063
0.826446	0.0163508	4.18079
0.826446	0.0148644	4.1666
0.826446	0.0135131	4.15779
0.826446	0.0122846	4.15414
0.826446	0.0111678	4.15562
0.826446	0.0101526	4.16234
0.826446	0.0092296	4.1747
0.826446	0.00839055	4.19387
0.826446	0.00762777	4.22743
0.826446	0.00693433	4.28184
0.826446	0.00630394	4.35293
0.826446	0.00573086	4.45522
0.826446	0.00520987	4.59947
0.826446	0.00473624	4.8069
0.826446	0.00430568	5.08396
0.826446	0.00391425	5.43101
0.826446	0.00355841	5.8396
0.826446	0.00323492	6.29962
0.826446	0.00294083	6.80581
0.826446	0.00267349	7.3505
0.826446	0.00243044	7.91521
0.826446	0.00220949	8.4922
0.826446	0.00200863	9.06839
0.826446	0.00182603	9.6236
0.826446	0.00166002	10.1544
0.826446	0.00150911	10.6539
0.826446	0.00137192	11.1162
0.826446	0.0012472	11.5439
0.826446	0.00113382	11.9402
0.826446	0.00103074	12.3034
0.826446	0.000937041	12.6332
0.826446	0.000851855	12.9307
0.826446	0.000774414	13.1997
0.826446	0.000704013	13.4428
0.826446	0.000640011	13.6606
0.826446	0.000581829	13.8546
0.826446	0.000528935	14.027
0.751315	0.1	7.88737
0.751315	0.0909091	7.36118
0.751315	0.0826446	6.85595
0.751315	0.0751315	6.38821
0.751315	0.0683013	5.97254
0.751315	0.0620921	5.61714
0.751315	0.0564474	5.32311
0.751315	0.0513158	5.08512
0.751315	0.0466507	4.89377
0.751315	0.0424098	4.73916
0.751315	0.0385543	4.61312
0.751315	0.0350494	4.50952
0.751315	0.0318631	4.42366
0.751315	0.0289664	4.35178
0.751315	0.0263331	4.29079
0.751315	0.0239392	4.23839
0.751315	0.0217629	4.19316
0.751315	0.0197845	4.15446
0.751315	0.0179859	4.12215
0.751315	0.0163508	4.09609
0.751315	0.0148644	4.07603
0.751315	0.0135131	4.06154
0.751315	0.0122846	4.05226
0.751315	0.0111678	4.04792
0.751315	0.0101526	4.04842
0.751315	0.0092296	4.05382
0.751315	0.00839055	4.06446
0.751315	0.00762777	4.08144
0.751315	0.00693433	4.11531
0.751315	0.00630394	4.16786
0.751315	0.00573086	4.23863
0.751315	0.00520987	4.34338
0.751315	0.00473624	4.49288
0.751315	0.00430568	4.7131
0.751315	0.00391425	5.00524
0.751315	0.00355841	5.367
0.751315	0.00323492	5.79004
0.751315	0.00294083	6.26598
0.751315	0.00267349	6.79036
0.751315	0.00243044	7.35169
0.751315	0.00220949	7.93216
0.751315	0.00200863	8.52628
0.751315	0.00182603	9.11411
0.751315	0.00166002	9.67712
0.751315	0.00150911	10.2137
0.751315	0.00137192	10.7143
0.751315	0.0012472	11.1754
0.751315	0.00113382	11.6028
0.751315	0.00103074	11.9983
0.751315	0.000937041	12.3593
0.751315	0.000851855	12.6861
0.751315	0.000774414	12.9805
0.751315	0.000704013	13.2466
0.751315	0.000640011	13.4868
0.751315	0.000581829	13.7012
0.751315	0.000528935	13.892
0.683013	0.1	8.43795
0.683013	0.0909091	7.8578
0.683013	0.0826446	7.28653
0.683013	0.0751315	6.74371
0.683013	0.0683013	6.25139
0.683013	0.0620921	5.82489
0.683013	0.0564474	5.46999
0.683013	0.0513158	5.1837
0.683013	0.0466507	4.95594
0.683013	0.0424098	4.77407
0.683013	0.0385543	4.62717
0.683013	0.0350494	4.50716
0.683013	0.0318631	4.40823
0.683013	0.0289664	4.32584
0.683013	0.0263331	4.25619
0.683013	0.0239392	4.19624
0.683013	0.0217629	4.14392
0.683013	0.0197845	4.09825
0.683013	0.0179859	4.05911
0.683013	0.0163508	4.02661
0.683013	0.0148644	4.00058
0.683013	0.0135131	3.98056
0.683013	0.0122846	3.966
0.683013	0.0111678	3.95643
0.683013	0.0101526	3.95154
0.683013	0.0092296	3.9512
0.683013	0.00839055	3.95545
0.683013	0.00762777	3.96454
0.683013	0.00693433	3.97955
0.683013	0.00630394	4.01516
0.683013	0.00573086	4.06511
0.683013	0.00520987	4.13755
0.683013	0.00473624	4.2456
0.683013	0.00430568	4.4032
0.683013	0.00391425	4.63857
0.683013	0.00355841	4.94694
0.683013	0.00323492	5.32229
0.683013	0.00294083	5.76028
0.683013	0.00267349	6.25269
0.683013	0.00243044	6.79538
0.683013	0.00220949	7.37158
0.683013	0.00200863	7.96835
0.683013	0.00182603	8.57872
0.683013	0.00166002	9.17474
0.683013	0.00150911	9.74438
0.683013	0.00137192	10.2841
0.683013	0.0012472	10.7827
0.683013	0.00113382	11.2415
0.683013	0.00103074	11.668
0.683013	0.000937041	12.0615
0.683013	0.000851855	12.4192
0.683013	0.000774414	12.7423
0.683013	0.000704013	13.0328
0.683013	0.000640011	13.2957
0.683013	0.000581829	13.5322
0.683013	0.000528935	13.7429
0.620921	0.1	9.07409
0.620921	0.0909091	8.44678
0.620921	0.0826446	7.81352
0.620921	0.0751315	7.19245
0.620921	0.0683013	6.6133
0.620921	0.0620921	6.10207
0.620921	0.0564474	5.6721
0.620921	0.0513158	5.32484
0.620921	0.0466507	5.05127
0.620921	0.0424098	4.836
0.620921	0.0385543	4.66424
0.620921	0.0350494	4.52508
0.620921	0.0318631	4.41104
0.620921	0.0289664	4.31668
0.620921	0.0263331	4.23747
0.620921	0.0239392	4.16958
0.620921	0.0217629	4.11008
0.620921	0.0197845	4.05735
0.620921	0.0179859	4.01112
0.620921	0.0163508	3.97177
0.620921	0.0148644	3.93947
0.620921	0.0135131	3.91381
0.620921	0.0122846	3.89408
0.620921	0.0111678	3.8796
0.620921	0.0101526	3.86985
0.620921	0.0092296	3.86453
0.620921	0.00839055	3.86348
0.620921	0.00762777	3.86671
0.620921	0.00693433	3.87443
0.620921	0.00630394	3.88748
0.620921	0.00573086	3.92589
0.620921	0.00520987	3.97337
0.620921	0.00473624	4.04969
0.620921	0.00430568	4.16167
0.620921	0.00391425	4.33184
0.620921	0.00355841	4.58407
0.620921	0.00323492	4.90824
0.620921	0.00294083	5.29716
0.620921	0.00267349	5.75077
0.620921	0.00243044	6.26041
0.620921	0.00220949	6.82094
0.620921	0.00200863	7.41062
0.620921	0.00182603	8.02459
0.620921	0.00166002	8.6489
0.620921	0.00150911	9.2501
0.620921	0.00137192	9.82511
0.620921	0.0012472	10.3642
0.620921	0.00113382	10.8585
0.620921	0.00103074	11.3143
0.620921	0.000937041	11.7391
0.620921	0.000851855	12.1293
0.620921	0.000774414	12.483
0.620921	0.000704013	12.8012
0.620921	0.000640011	13.0876
0.620921	0.000581829	13.3467
0.620921	0.000528935	13.5789
0.564474	0.1	9.79323
0.564474	0.0909091	9.12737
0.564474	0.0826446	8.44222
0.564474	0.0751315	7.74657
0.564474	0.0683013	7.07353
0.564474	0.0620921	6.46325
0.564474	0.0564474	5.9417
0.564474	0.0513158	5.51738
0.564474	0.0466507	5.1851
0.564474	0.0424098	4.92791
0.564474	0.0385543	4.72609
0.564474	0.0350494	4.56437
0.564474	0.0318631	4.43274
0.564474	0.0289664	4.32453
0.564474	0.0263331	4.23447
0.564474	0.0239392	4.15797
0.564474	0.0217629	4.09114
0.564474	0.0197845	4.03138
0.564474	0.0179859	3.97788
0.564474	0.0163508	3.93125
0.564474	0.0148644	3.89216
0.564474	0.0135131	3.86051
0.564474	0.0122846	3.83551
0.564474	0.0111678	3.81622
0.564474	0.0101526	3.8019
0.564474	0.0092296	3.79205
0.564474	0.00839055	3.78639
0.564474	0.00762777	3.78475
0.564474	0.00693433	3.78709
0.564474	0.00630394	3.7936
0.564474	0.00573086	3.80496
0.564474	0.00520987	3.84616
0.564474	0.00473624	3.89287
0.564474	0.00430568	3.97466
0.564474	0.00391425	4.09162
0.564474	0.00355841	4.27983
0.564474	0.00323492	4.54951
0.564474	0.00294083	4.88815
0.564474	0.00267349	5.29221
0.564474	0.00243044	5.76179
0.564474	0.00220949	6.28988
0.564474	0.00200863	6.8664
0.564474	0.00182603	7.46987
0.564474	0.00166002	8.10135
0.564474	0.00150911	8.73534
0.564474	0.00137192	9.34022
0.564474	0.0012472	9.91813
0.564474	0.00113382	10.4526
0.564474	0.00103074	10.9411
0.564474	0.000937041	11.3938
0.564474	0.000851855	11.8158
0.564474	0.000774414	12.2015
0.564474	0.000704013	12.5502
0.564474	0.000640011	12.8627
0.564474	0.000581829	13.1446
0.564474	0.000528935	13.3992
0.513158	0.1	10.5918
0.513158	0.0909091	9.8944
0.513158	0.0826446	9.17163
0.513158	0.0751315	8.41457
0.513158	0.0683013	7.64832
0.513158	0.0620921	6.92613
0.513158	0.0564474	6.29445
0.513158	0.0513158	5.77367
0.513158	0.0466507	5.36532
0.513158	0.0424098	5.05414
0.513158	0.0385543	4.81506
0.513158	0.0350494	4.62647
0.513158	0.0318631	4.47429
0.513158	0.0289664	4.34992
0.513158	0.0263331	4.24729
0.513158	0.0239392	4.16108
0.513158	0.0217629	4.08653
0.513158	0.0197845	4.01985
0.513158	0.0179859	3.95917
0.513158	0.0163508	3.9049
0.513158	0.0148644	3.8584
0.513158	0.0135131	3.82018
0.513158	0.0122846	3.78955
0.513158	0.0111678	3.76535
0.513158	0.0101526	3.74655
0.513158	0.0092296	3.73243
0.513158	0.00839055	3.72255
0.513158	0.00762777	3.71663
0.513158	0.00693433	3.71447
0.513158	0.00630394	3.71604
0.513158	0.00573086	3.72149
0.513158	0.00520987	3.73148
0.513158	0.00473624	3.77498
0.513158	0.00430568	3.82429
0.513158	0.00391425	3.91169
0.513158	0.00355841	4.03655
0.513158	0.00323492	4.24806
0.513158	0.00294083	4.53426
0.513158	0.00267349	4.8863
0.513158	0.00243044	5.30765
0.513158	0.00220949	5.79351
0.513158	0.00200863	6.34157
0.513158	0.00182603	6.93098
0.513158	0.00166002	7.55054
0.513158	0.00150911	8.19835
0.513158	0.00137192	8.83697
0.513158	0.0012472	9.44503
0.513158	0.00113382	10.0214
0.513158	0.00103074	10.548
0.513158	0.000937041	11.0302
0.513158	0.000851855	11.4798
0.513158	0.000774414	11.8977
0.513158	0.000704013	12.278
0.513158	0.000640011	12.6203
0.513158	0.000581829	12.9267
0.513158	0.000528935	13.2036
0.466507	0.1	11.4677
0.466507	0.0909091	10.7406
0.466507	0.0826446	9.99344
0.466507	0.0751315	9.19675
0.466507	0.0683013	8.35146
0.466507	0.0620921	7.51125
0.466507	0.0564474	6.74982
0.466507	0.0513158	6.11021
0.466507	0.0466507	5.60353
0.466507	0.0424098	5.22114
0.466507	0.0385543	4.93448
0.466507	0.0350494	4.71326
0.466507	0.0318631	4.53697
0.466507	0.0289664	4.39376
0.466507	0.0263331	4.27636
0.466507	0.0239392	4.17889
0.466507	0.0217629	4.09579
0.466507	0.0197845	4.02216
0.466507	0.0179859	3.95462
0.466507	0.0163508	3.89267
0.466507	0.0148644	3.83816
0.466507	0.0135131	3.79259
0.466507	0.0122846	3.75574
0.466507	0.0111678	3.72631
0.466507	0.0101526	3.70295
0.466507	0.0092296	3.68463
0.466507	0.00839055	3.67072
0.466507	0.00762777	3.66084
0.466507	0.00693433	3.65472
0.466507	0.00630394	3.65214
0.466507	0.00573086	3.65304
0.466507	0.00520987	3.65756
0.466507	0.00473624	3.66639
0.466507	0.00430568	3.7117
0.466507	0.00391425	3.76639
0.466507	0.00355841	3.85854
0.466507	0.00323492	3.99767
0.466507	0.00294083	4.23592
0.466507	0.00267349	4.53736
0.466507	0.00243044	4.90344
0.466507	0.00220949	5.34308
0.466507	0.00200863	5.84652
0.466507	0.00182603	6.41461
0.466507	0.00166002	7.01504
0.466507	0.00150911	7.65304
0.466507	0.00137192	8.3139
0.466507	0.0012472	8.95339
0.466507	0.00113382	9.56329
0.466507	0.00103074	10.1328
0.466507	0.000937041	10.6497
0.466507	0.000851855	11.1259
0.466507	0.000774414	11.5716
0.466507	0.000704013	11.9841
0.466507	0.000640011	12.3583
0.466507	0.000581829	12.6928
0.466507	0.000528935	12.9929
0.424098	0.1	12.4222
0.424098	0.0909091	11.6607
0.424098	0.0826446	10.8951
0.424098	0.0751315	10.0819
0.424098	0.0683013	9.18774
0.424098	0.0620921	8.23948
0.424098	0.0564474	7.33176
0.424098	0.0513158	6.54782
0.424098	0.0466507	5.91642
0.424098	0.0424098	5.43877
0.424098	0.0385543	5.08927
0.424098	0.0350494	4.82726
0.424098	0.0318631	4.62235
0.424098	0.0289664	4.45723
0.424098	0.0263331	4.32251
0.424098	0.0239392	4.21171
0.424098	0.0217629	4.11872
0.424098	0.0197845	4.03765
0.424098	0.0179859	3.96363
0.424098	0.0163508	3.89442
0.424098	0.0148644	3.83156
0.424098	0.0135131	3.77779
0.424098	0.0122846	3.73387
0.424098	0.0111678	3.69864
0.424098	0.0101526	3.67044
0.424098	0.0092296	3.64786
0.424098	0.00839055	3.62997
0.424098	0.00762777	3.61628
0.424098	0.00693433	3.60644
0.424098	0.00630394	3.60018
0.424098	0.00573086	3.59725
0.424098	0.00520987	3.59757
0.424098	0.00473624	3.60129
0.424098	0.00430568	3.60914
0.424098	0.00391425	3.65569
0.424098	0.00355841	3.71662
0.424098	0.00323492	3.81591
0.424098	0.00294083	3.97951
0.424098	0.00267349	4.24064
0.424098	0.00243044	4.55826
0.424098	0.00220949	4.94104
0.424098	0.00200863	5.39862
0.424098	0.00182603	5.92278
0.424098	0.00166002	6.50644
0.424098	0.00150911	7.12028
0.424098	0.00137192	7.77712
0.424098	0.0012472	8.44569
0.424098	0.00113382	9.08424
0.424098	0.00103074	9.69178
0.424098	0.000937041	10.2502
0.424098	0.000851855	10.7574
0.424098	0.000774414	11.228
0.424098	0.000704013	11.6687
0.424098	0.000640011	12.0749
0.424098	0.000581829	12.4413
0.424098	0.000528935	12.7674
0.385543	0.1	13.4608
0.385543	0.0909091	12.654
0.385543	0.0826446	11.866
0.385543	0.0751315	11.0499
0.385543	0.0683013	10.1454
0.385543	0.0620921	9.12462
0.385543	0.0564474	8.06827
0.385543	0.0513158	7.11225
0.385543	0.0466507	6.3262
0.385543	0.0424098	5.72222
0.385543	0.0385543	5.287
0.385543	0.0350494	4.97208
0.385543	0.0318631	4.7324
0.385543	0.0289664	4.54179
0.385543	0.0263331	4.38693
0.385543	0.0239392	4.2603
0.385543	0.0217629	4.1555
0.385543	0.0197845	4.06593
0.385543	0.0179859	3.98542
0.385543	0.0163508	3.90968
0.385543	0.0148644	3.8387
0.385543	0.0135131	3.77602
0.385543	0.0122846	3.72401
0.385543	0.0111678	3.68215
0.385543	0.0101526	3.64859
0.385543	0.0092296	3.62151
0.385543	0.00839055	3.59959
0.385543	0.00762777	3.5821
0.385543	0.00693433	3.56864
0.385543	0.00630394	3.55889
0.385543	0.00573086	3.55253
0.385543	0.00520987	3.54931
0.385543	0.00473624	3.54913
0.385543	0.00430568	3.55217
0.385543	0.00391425	3.55924
0.385543	0.00355841	3.60608
0.385543	0.00323492	3.67424
0.385543	0.00294083	3.78679
0.385543	0.00267349	3.97272
0.385543	0.00243044	4.26342
0.385543	0.00220949	4.59538
0.385543	0.00200863	4.99844
0.385543	0.00182603	5.4741
0.385543	0.00166002	6.02292
0.385543	0.00150911	6.61624
0.385543	0.00137192	7.24806
0.385543	0.0012472	7.92098
0.385543	0.00113382	8.59218
0.385543	0.00103074	9.22724
0.385543	0.000937041	9.82822
0.385543	0.000851855	10.3724
0.385543	0.000774414	10.871
0.385543	0.000704013	11.3359
0.385543	0.000640011	11.7709
0.385543	0.000581829	12.1695
0.385543	0.000528935	12.5264
0.350494	0.1	14.5924
0.350494	0.0909091	13.7257
0.350494	0.0826446	12.9029
0.350494	0.0751315	12.0816
0.350494	0.0683013	11.1949
0.350494	0.0620921	10.1604
0.350494	0.0564474	8.98595
0.350494	0.0513158	7.83603
0.350494	0.0466507	6.86017
0.350494	0.0424098	6.09409
0.350494	0.0385543	5.53967
0.350494	0.0350494	5.15313
0.350494	0.0318631	4.86976
0.350494	0.0289664	4.6491
0.350494	0.0263331	4.47102
0.350494	0.0239392	4.3258
0.350494	0.0217629	4.20677
0.350494	0.0197845	4.10699
0.350494	0.0179859	4.01934
0.350494	0.0163508	3.93764
0.350494	0.0148644	3.85939
0.350494	0.0135131	3.78762
0.350494	0.0122846	3.7265
0.350494	0.0111678	3.67693
0.350494	0.0101526	3.63722
0.350494	0.0092296	3.6052
0.350494	0.00839055	3.57907
0.350494	0.00762777	3.55771
0.350494	0.00693433	3.54058
0.350494	0.00630394	3.52738
0.350494	0.00573086	3.51775
0.350494	0.00520987	3.51133
0.350494	0.00473624	3.50788
0.350494	0.00430568	3.50728
0.350494	0.00391425	3.50975
0.350494	0.00355841	3.51626
0.350494	0.00323492	3.53037
0.350494	0.00294083	3.61132
0.350494	0.00267349	3.73473
0.350494	0.00243044	3.98994
0.350494	0.00220949	4.30431
0.350494	0.00200863	4.64944
0.350494	0.00182603	5.0744
0.350494	0.00166002	5.57042
0.350494	0.00150911	6.14185
0.350494	0.00137192	6.74517
0.350494	0.0012472	7.39892
0.350494	0.00113382	8.0813
0.350494	0.00103074	8.75172
0.350494	0.000937041	9.38027
0.350494	0.000851855	9.97006
0.350494	0.000774414	10.4994
0.350494	0.000704013	10.9902
0.350494	0.000640011	11.4489
0.350494	0.000581829	11.8773
0.350494	0.000528935	12.2667
0.318631	0.1	15.8282
0.318631	0.0909091	14.8857
0.318631	0.0826446	14.0107
0.318631	0.0751315	13.1692
0.318631	0.0683013	12.303
0.318631	0.0620921	11.3103
0.318631	0.0564474	10.0939
0.318631	0.0513158	8.75792
0.318631	0.0466507	7.55176
0.318631	0.0424098	6.58465
0.318631	0.0385543	5.86676
0.318631	0.0350494	5.37893
0.318631	0.0318631	5.03822
0.318631	0.0289664	4.78117
0.318631	0.0263331	4.57637
0.318631	0.0239392	4.40964
0.318631	0.0217629	4.2736
0.318631	0.0197845	4.16133
0.318631	0.0179859	4.06513
0.318631	0.0163508	3.97743
0.318631	0.0148644	3.893
0.318631	0.0135131	3.81271
0.318631	0.0122846	3.7418
0.318631	0.0111678	3.68331
0.318631	0.0101526	3.6364
0.318631	0.0092296	3.59873
0.318631	0.00839055	3.56802
0.318631	0.00762777	3.54266
0.318631	0.00693433	3.52178
0.318631	0.00630394	3.50504
0.318631	0.00573086	3.49211
0.318631	0.00520987	3.48262
0.318631	0.00473624	3.47618
0.318631	0.00430568	3.47255
0.318631	0.00391425	3.47159
0.318631	0.00355841	3.47359
0.318631	0.00323492	3.47975
0.318631	0.00294083	3.49337
0.318631	0.00267349	3.58315
0.318631	0.00243044	3.71488
0.318631	0.00220949	4.02469
0.318631	0.00200863	4.36067
0.318631	0.00182603	4.72444
0.318631	0.00166002	5.16909
0.318631	0.00150911	5.69332
0.318631	0.00137192	6.27619
0.318631	0.0012472	6.89615
0.318631	0.00113382	7.57319
0.318631	0.00103074	8.25711
0.318631	0.000937041	8.91921
0.318631	0.000851855	9.54179
0.318631	0.000774414	10.1143
0.318631	0.000704013	10.6312
0.318631	0.000640011	11.1148
0.318631	0.000581829	11.5674
0.318631	0.000528935	11.9864
0.289664	0.1	17.1802
0.289664	0.0909091	16.1467
0.289664	0.0826446	15.2005
0.289664	0.0751315	14.3176
0.289664	0.0683013	13.4521
0.289664	0.0620921	12.5192
0.289664	0.0564474	11.3597
0.289664	0.0513158	9.91086
0.289664	0.0466507	8.44511
0.289664	0.0424098	7.22924
0.289664	0.0385543	6.29898
0.289664	0.0350494	5.66344
0.289664	0.0318631	5.2436
0.289664	0.0289664	4.94072
0.289664	0.0263331	4.7047
0.289664	0.0239392	4.51347
0.289664	0.0217629	4.35746
0.289664	0.0197845	4.22995
0.289664	0.0179859	4.12311
0.289664	0.0163508	4.02847
0.289664	0.0148644	3.93856
0.289664	0.0135131	3.85097
0.289664	0.0122846	3.77033
0.289664	0.0111678	3.70184
0.289664	0.0101526	3.64648
0.289664	0.0092296	3.60217
0.289664	0.00839055	3.56627
0.289664	0.00762777	3.53664
0.289664	0.00693433	3.51189
0.289664	0.00630394	3.49146
0.289664	0.00573086	3.47511
0.289664	0.00520987	3.46249
0.289664	0.00473624	3.45314
0.289664	0.00430568	3.44671
0.289664	0.00391425	3.44293
0.289664	0.00355841	3.44168
0.289664	0.00323492	3.44332
0.289664	0.00294083	3.44931
0.289664	0.00267349	3.46239
0.289664	0.00243044	3.54487
0.289664	0.00220949	3.72505
0.289664	0.00200863	4.05242
0.289664	0.00182603	4.407
0.289664	0.00166002	4.81643
0.289664	0.00150911	5.28236
0.289664	0.00137192	5.83869
0.289664	0.0012472	6.42679
0.289664	0.00113382	7.07254
0.289664	0.00103074	7.76578
0.289664	0.000937041	8.44628
0.289664	0.000851855	9.09516
0.289664	0.000774414	9.70937
0.289664	0.000704013	10.2606
0.289664	0.000640011	10.7677
0.289664	0.000581829	11.2448
0.289664	0.000528935	11.6897
0.263331	0.1	18.6619
0.263331	0.0909091	17.522
0.263331	0.0826446	16.4868
0.263331	0.0751315	15.5397
0.263331	0.0683013	14.6474
0.263331	0.0620921	13.7489
0.263331	0.0564474	12.7044
0.263331	0.0513158	11.2882
0.263331	0.0466507	9.59433
0.263331	0.0424098	8.06991
0.263331	0.0385543	6.87883
0.263331	0.0350494	6.03047
0.263331	0.0318631	5.49504
0.263331	0.0289664	5.13175
0.263331	0.0263331	4.8581
0.263331	0.0239392	4.63898
0.263331	0.0217629	4.46005
0.263331	0.0197845	4.31425
0.263331	0.0179859	4.19413
0.263331	0.0163508	4.09078
0.263331	0.0148644	3.99521
0.263331	0.0135131	3.90162
0.263331	0.0122846	3.81216
0.263331	0.0111678	3.73315
0.263331	0.0101526	3.66803
0.263331	0.0092296	3.61585
0.263331	0.00839055	3.57387
0.263331	0.00762777	3.53945
0.263331	0.00693433	3.51064
0.263331	0.00630394	3.4864
0.263331	0.00573086	3.46643
0.263331	0.00520987	3.45051
0.263331	0.00473624	3.43818
0.263331	0.00430568	3.429
0.263331	0.00391425	3.4226
0.263331	0.00355841	3.4187
0.263331	0.00323492	3.41719
0.263331	0.00294083	3.41859
0.263331	0.00267349	3.42456
0.263331	0.00243044	3.43661
0.263331	0.00220949	3.4924
0.263331	0.00200863	3.73874
0.263331	0.00182603	4.05785
0.263331	0.00166002	4.46285
0.263331	0.00150911	4.92615
0.263331	0.00137192	5.41964
0.263331	0.0012472	5.98257
0.263331	0.00113382	6.59427
0.263331	0.00103074	7.27404
0.263331	0.000937041	7.9707
0.263331	0.000851855	8.64101
0.263331	0.000774414	9.2788
0.263331	0.000704013	9.87824
0.263331	0.000640011	10.4094
0.263331	0.000581829	10.9099
0.263331	0.000528935	11.3794
0.239392	0.1	20.2902
0.239392	0.0909091	19.0246
0.239392	0.0826446	17.8857
0.239392	0.0751315	16.8521
0.239392	0.0683013	15.9058
0.239392	0.0620921	15.0006
0.239392	0.0564474	14.0497
0.239392	0.0513158	12.8043
0.239392	0.0466507	11.0378
0.239392	0.0424098	9.16563
0.239392	0.0385543	7.65259
0.239392	0.0350494	6.52118
0.239392	0.0318631	5.80773
0.239392	0.0289664	5.36031
0.239392	0.0263331	5.03942
0.239392	0.0239392	4.78798
0.239392	0.0217629	4.58318
0.239392	0.0197845	4.41598
0.239392	0.0179859	4.27952
0.239392	0.0163508	4.16502
0.239392	0.0148644	4.06261
0.239392	0.0135131	3.9637
0.239392	0.0122846	3.86679
0.239392	0.0111678	3.77763
0.239392	0.0101526	3.70175
0.239392	0.0092296	3.64034
0.239392	0.00839055	3.59112
0.239392	0.00762777	3.55114
0.239392	0.00693433	3.51789
0.239392	0.00630394	3.4897
0.239392	0.00573086	3.46592
0.239392	0.00520987	3.44645
0.239392	0.00473624	3.43096
0.239392	0.00430568	3.41893
0.239392	0.00391425	3.40992
0.239392	0.00355841	3.40355
0.239392	0.00323492	3.39955
0.239392	0.00294083	3.39782
0.239392	0.00267349	3.39912
0.239392	0.00243044	3.4052
0.239392	0.00220949	3.41617
0.239392	0.00200863	3.47553
0.239392	0.00182603	3.74424
0.239392	0.00166002	4.04226
0.239392	0.00150911	4.52471
0.239392	0.00137192	5.05444
0.239392	0.0012472	5.5762
0.239392	0.00113382	6.1253
0.239392	0.00103074	6.79021
0.239392	0.000937041	7.49308
0.239392	0.000851855	8.18537
0.239392	0.000774414	8.8408
0.239392	0.000704013	9.46635
0.239392	0.000640011	10.0454
0.239392	0.000581829	10.562
0.239392	0.000528935	11.0577
0.217629	0.1	22.0869
0.217629	0.0909091	20.6699
0.217629	0.0826446	19.4115
0.217629	0.0751315	18.2738
0.217629	0.0683013	17.2469
0.217629	0.0620921	16.3001
0.217629	0.0564474	15.377
0.217629	0.0513158	14.3244
0.217629	0.0466507	12.7293
0.217629	0.0424098	10.5917
0.217629	0.0385543	8.6705
0.217629	0.0350494	7.1983
0.217629	0.0318631	6.20864
0.217629	0.0289664	5.63586
0.217629	0.0263331	5.25287
0.217629	0.0239392	4.96271
0.217629	0.0217629	4.72872
0.217629	0.0197845	4.53708
0.217629	0.0179859	4.38102
0.217629	0.0163508	4.2524
0.217629	0.0148644	4.14105
0.217629	0.0135131	4.03659
0.217629	0.0122846	3.93341
0.217629	0.0111678	3.83523
0.217629	0.0101526	3.74831
0.217629	0.0092296	3.67638
0.217629	0.00839055	3.61859
0.217629	0.00762777	3.57197
0.217629	0.00693433	3.53362
0.217629	0.00630394	3.50124
0.217629	0.00573086	3.47354
0.217629	0.00520987	3.45026
0.217629	0.00473624	3.43132
0.217629	0.00430568	3.41625
0.217629	0.00391425	3.40451
0.217629	0.00355841	3.39566
0.217629	0.00323492	3.38933
0.217629	0.00294083	3.38523
0.217629	0.00267349	3.38333
0.217629	0.00243044	3.38466
0.217629	0.00220949	3.39095
0.217629	0.00200863	3.4019
0.217629	0.00182603	3.47213
0.217629	0.00166002	3.7468
0.217629	0.00150911	4.10814
0.217629	0.00137192	4.58313
0.217629	0.0012472	5.20872
0.217629	0.00113382	5.73559
0.217629	0.00103074	6.29813
0.217629	0.000937041	7.02726
0.217629	0.000851855	7.72438
0.217629	0.000774414	8.40441
0.217629	0.000704013	9.04591
0.217629	0.000640011	9.64263
0.217629	0.000581829	10.21
0.217629	0.000528935	10.7219
0.197845	0.1	24.0833
0.197845	0.0909091	22.4771
0.197845	0.0826446	21.0779
0.197845	0.0751315	19.8228
0.197845	0.0683013	18.6914
0.197845	0.0620921	17.6738
0.197845	0.0564474	16.7241
0.197845	0.0513158	15.7709
0.197845	0.0466507	14.4954
0.197845	0.0424098	12.3856
0.197845	0.0385543	10.0081
0.197845	0.0350494	8.12741
0.197845	0.0318631	6.74923
0.197845	0.0289664	5.97399
0.197845	0.0263331	5.50467
0.197845	0.0239392	5.16626
0.197845	0.0217629	4.89866
0.197845	0.0197845	4.6796
0.197845	0.0179859	4.50062
0.197845	0.0163508	4.35457
0.197845	0.0148644	4.23151
0.197845	0.0135131	4.12016
0.197845	0.0122846	4.01137
0.197845	0.0111678	3.90532
0.197845	0.0101526	3.80808
0.197845	0.0092296	3.72476
0.197845	0.00839055	3.657
0.197845	0.00762777	3.60249
0.197845	0.00693433	3.55808
0.197845	0.00630394	3.521
0.197845	0.00573086	3.48924
0.197845	0.00520987	3.46198
0.197845	0.00473624	3.43927
0.197845	0.00430568	3.42087
0.197845	0.00391425	3.4062
0.197845	0.00355841	3.39473
0.197845	0.00323492	3.38604
0.197845	0.00294083	3.37973
0.197845	0.00267349	3.37553
0.197845	0.00243044	3.37351
0.197845	0.00220949	3.37501
0.197845	0.00200863	3.38163
0.197845	0.00182603	3.39284
0.197845	0.00166002	3.47556
0.197845	0.00150911	3.69951
0.197845	0.00137192	4.11586
0.197845	0.0012472	4.60464
0.197845	0.00113382	5.31576
0.197845	0.00103074	5.91344
0.197845	0.000937041	6.49234
0.197845	0.000851855	7.25442
0.197845	0.000774414	7.94574
0.197845	0.000704013	8.61682
0.197845	0.000640011	9.24837
0.197845	0.000581829	9.82841
0.197845	0.000528935	10.3791
0.179859	0.1	26.3285
0.179859	0.0909091	24.4711
0.179859	0.0826446	22.9028
0.179859	0.0751315	21.5134
0.179859	0.0683013	20.2616
0.179859	0.0620921	19.1442
0.179859	0.0564474	18.1339
0.179859	0.0513158	17.18
0.179859	0.0466507	16.1535
0.179859	0.0424098	14.4222
0.179859	0.0385543	11.7658
0.179859	0.0350494	9.36462
0.179859	0.0318631	7.52533
0.179859	0.0289664	6.40243
0.179859	0.0263331	5.80444
0.179859	0.0239392	5.40305
0.179859	0.0217629	5.09553
0.179859	0.0197845	4.84562
0.179859	0.0179859	4.64054
0.179859	0.0163508	4.47352
0.179859	0.0148644	4.33551
0.179859	0.0135131	4.21496
0.179859	0.0122846	4.10038
0.179859	0.0111678	3.98729
0.179859	0.0101526	3.88083
0.179859	0.0092296	3.78617
0.179859	0.00839055	3.70721
0.179859	0.00762777	3.64343
0.179859	0.00693433	3.59178
0.179859	0.00630394	3.54916
0.179859	0.00573086	3.51301
0.179859	0.00520987	3.48169
0.179859	0.00473624	3.45493
0.179859	0.00430568	3.43284
0.179859	0.00391425	3.41496
0.179859	0.00355841	3.40065
0.179859	0.00323492	3.38944
0.179859	0.00294083	3.38089
0.179859	0.00267349	3.37458
0.179859	0.00243044	3.37028
0.179859	0.00220949	3.36822
0.179859	0.00200863	3.37006
0.179859	0.00182603	3.37716
0.179859	0.00166002	3.38901
0.179859	0.00150911	3.48572
0.179859	0.00137192	3.68757
0.179859	0.0012472	4.18736
0.179859	0.00113382	4.67499
0.179859	0.00103074	5.43094
0.179859	0.000937041	6.09188
0.179859	0.000851855	6.71882
0.179859	0.000774414	7.4655
0.179859	0.000704013	8.15703
0.179859	0.000640011	8.82476
0.179859	0.000581829	9.4415
0.179859	0.000528935	10.0005
0.163508	0.1	28.909
0.163508	0.0909091	26.6875
0.163508	0.0826446	24.9087
0.163508	0.0751315	23.3605
0.163508	0.0683013	21.9765
0.163508	0.0620921	20.7348
0.163508	0.0564474	19.6348
0.163508	0.0513158	18.6291
0.163508	0.0466507	17.6672
0.163508	0.0424098	16.422
0.163508	0.0385543	13.9589
0.163508	0.0350494	10.9971
0.163508	0.0318631	8.64941
0.163508	0.0289664	6.97714
0.163508	0.0263331	6.1677
0.163508	0.0239392	5.67956
0.163508	0.0217629	5.3227
0.163508	0.0197845	5.03749
0.163508	0.0179859	4.80307
0.163508	0.0163508	4.61155
0.163508	0.0148644	4.45499
0.163508	0.0135131	4.32219
0.163508	0.0122846	4.20052
0.163508	0.0111678	4.08096
0.163508	0.0101526	3.96596
0.163508	0.0092296	3.86091
0.163508	0.00839055	3.77006
0.163508	0.00762777	3.69565
0.163508	0.00693433	3.63544
0.163508	0.00630394	3.5862
0.163508	0.00573086	3.54498
0.163508	0.00520987	3.50945
0.163508	0.00473624	3.47851
0.163508	0.00430568	3.45235
0.163508	0.00391425	3.4309
0.163508	0.00355841	3.41349
0.163508	0.00323492	3.39953
0.163508	0.00294083	3.38856
0.163508	0.00267349	3.38011
0.163508	0.00243044	3.37376
0.163508	0.00220949	3.36934
0.163508	0.00200863	3.36739
0.163508	0.00182603	3.3698
0.163508	0.00166002	3.37761
0.163508	0.00150911	3.39076
0.163508	0.00137192	3.48871
0.163508	0.0012472	3.67597
0.163508	0.00113382	4.27252
0.163508	0.00103074	4.76403
0.163508	0.000937041	5.51494
0.163508	0.000851855	6.29062
0.163508	0.000774414	6.98138
0.163508	0.000704013	7.64783
0.163508	0.000640011	8.35806
0.163508	0.000581829	9.02585
0.163508	0.000528935	9.63586
0.148644	0.1	31.9947
0.148644	0.0909091	29.1826
0.148644	0.0826446	27.1237
0.148644	0.0751315	25.3859
0.148644	0.0683013	23.8499
0.148644	0.0620921	22.4707
0.148644	0.0564474	21.2497
0.148644	0.0513158	20.1632
0.148644	0.0466507	19.163
0.148644	0.0424098	18.1706
0.148644	0.0385543	16.36
0.148644	0.0350494	13.1375
0.148644	0.0318631	10.1821
0.148644	0.0289664	7.8327
0.148644	0.0263331	6.62131
0.148644	0.0239392	6.00563
0.148644	0.0217629	5.58493
0.148644	0.0197845	5.25812
0.148644	0.0179859	4.9907
0.148644	0.0163508	4.77113
0.148644	0.0148644	4.59222
0.148644	0.0135131	4.44365
0.148644	0.0122846	4.31247
0.148644	0.0111678	4.18647
0.148644	0.0101526	4.0632
0.148644	0.0092296	3.94868
0.148644	0.00839055	3.84627
0.148644	0.00762777	3.76006
0.148644	0.00693433	3.68994
0.148644	0.00630394	3.63282
0.148644	0.00573086	3.58554
0.148644	0.00520987	3.54534
0.148644	0.00473624	3.5102
0.148644	0.00430568	3.47972
0.148644	0.00391425	3.45425
0.148644	0.00355841	3.4334
0.148644	0.00323492	3.41641
0.148644	0.00294083	3.40277
0.148644	0.00267349	3.392
0.148644	0.00243044	3.38359
0.148644	0.00220949	3.37716
0.148644	0.00200863	3.37264
0.148644	0.00182603	3.37107
0.148644	0.00166002	3.37446
0.148644	0.00150911	3.38303
0.148644	0.00137192	3.40002
0.148644	0.0012472	3.47899
0.148644	0.00113382	3.6865
0.148644	0.00103074	4.26038
0.148644	0.000937041	4.75137
0.148644	0.000851855	5.51982
0.148644	0.000774414	6.33407
0.148644	0.000704013	7.21808
0.148644	0.000640011	7.85792
0.148644	0.000581829	8.54966
0.148644	0.000528935	9.21305
0.135131	0.1	35.9742
0.135131	0.0909091	32.0559
0.135131	0.0826446	29.589
0.135131	0.0751315	27.6151
0.135131	0.0683013	25.8991
0.135131	0.0620921	24.371
0.135131	0.0564474	23.0045
0.135131	0.0513158	21.8081
0.135131	0.0466507	20.7315
0.135131	0.0424098	19.7381
0.135131	0.0385543	18.5882
0.135131	0.0350494	15.745
0.135131	0.0318631	12.1917
0.135131	0.0289664	9.21381
0.135131	0.0263331	7.21785
0.135131	0.0239392	6.39693
0.135131	0.0217629	5.88904
0.135131	0.0197845	5.51131
0.135131	0.0179859	5.20624
0.135131	0.0163508	4.95497
0.135131	0.0148644	4.74979
0.135131	0.0135131	4.58156
0.135131	0.0122846	4.43759
0.135131	0.0111678	4.30407
0.135131	0.0101526	4.17296
0.135131	0.0092296	4.04899
0.135131	0.00839055	3.93614
0.135131	0.00762777	3.83758
0.135131	0.00693433	3.75622
0.135131	0.00630394	3.68991
0.135131	0.00573086	3.63539
0.135131	0.00520987	3.58966
0.135131	0.00473624	3.5501
0.135131	0.00430568	3.51526
0.135131	0.00391425	3.48539
0.135131	0.00355841	3.46065
0.135131	0.00323492	3.44032
0.135131	0.00294083	3.42372
0.135131	0.00267349	3.41037
0.135131	0.00243044	3.39974
0.135131	0.00220949	3.3913
0.135131	0.00200863	3.38473
0.135131	0.00182603	3.38022
0.135131	0.00166002	3.37955
0.135131	0.00150911	3.38431
0.135131	0.00137192	3.39325
0.135131	0.0012472	3.43097
0.135131	0.00113382	3.52831
0.135131	0.00103074	3.74186
0.135131	0.000937041	4.24652
0.135131	0.000851855	4.8956
0.135131	0.000774414	5.5266
0.135131	0.000704013	6.4578
0.135131	0.000640011	7.43314
0.135131	0.000581829	8.09926
0.135131	0.000528935	8.7263
0.122846	0.1	41.9524
0.122846	0.0909091	35.5086
0.122846	0.0826446	32.3697
0.122846	0.0751315	30.081
0.122846	0.0683013	28.1502
0.122846	0.0620921	26.4491
0.122846	0.0564474	24.9268
0.122846	0.0513158	23.5863
0.122846	0.0466507	22.4087
0.122846	0.0424098	21.3442
0.122846	0.0385543	20.3515
0.122846	0.0350494	18.5741
0.122846	0.0318631	14.7152
0.122846	0.0289664	11.1982
0.122846	0.0263331	8.10079
0.122846	0.0239392	6.87966
0.122846	0.0217629	6.24543
0.122846	0.0197845	5.8022
0.122846	0.0179859	5.45313
0.122846	0.0163508	5.16604
0.122846	0.0148644	4.93054
0.122846	0.0135131	4.73848
0.122846	0.0122846	4.57793
0.122846	0.0111678	4.43449
0.122846	0.0101526	4.29581
0.122846	0.0092296	4.16204
0.122846	0.00839055	4.03934
0.122846	0.00762777	3.929
0.122846	0.00693433	3.83527
0.122846	0.00630394	3.75845
0.122846	0.00573086	3.69542
0.122846	0.00520987	3.64305
0.122846	0.00473624	3.59843
0.122846	0.00430568	3.55923
0.122846	0.00391425	3.52477
0.122846	0.00355841	3.49565
0.122846	0.00323492	3.47159
0.122846	0.00294083	3.45171
0.122846	0.00267349	3.43545
0.122846	0.00243044	3.42234
0.122846	0.00220949	3.41176
0.122846	0.00200863	3.40321
0.122846	0.00182603	3.39649
0.122846	0.00166002	3.39236
0.122846	0.00150911	3.39346
0.122846	0.00137192	3.39896
0.122846	0.0012472	3.40882
0.122846	0.00113382	3.50053
0.122846	0.00103074	3.5817
0.122846	0.000937041	3.81225
0.122846	0.000851855	4.30583
0.122846	0.000774414	4.99489
0.122846	0.000704013	5.6625
0.122846	0.000640011	6.43729
0.122846	0.000581829	7.34205
0.122846	0.000528935	8.34046
0.111678	0.1	51.899
0.111678	0.0909091	40.1411
0.111678	0.0826446	35.582
0.111678	0.0751315	32.8322
0.111678	0.0683013	30.6328
0.111678	0.0620921	28.7259
0.111678	0.0564474	27.0352
0.111678	0.0513158	25.5269
0.111678	0.0466507	24.2173
0.111678	0.0424098	23.0532
0.111678	0.0385543	22.0046
0.111678	0.0350494	20.9713
0.111678	0.0318631	17.8187
0.111678	0.0289664	13.6903
0.111678	0.0263331	9.84257
0.111678	0.0239392	7.50169
0.111678	0.0217629	6.67065
0.111678	0.0197845	6.13818
0.111678	0.0179859	5.73571
0.111678	0.0163508	5.4078
0.111678	0.0148644	5.13767
0.111678	0.0135131	4.91735
0.111678	0.0122846	4.73598
0.111678	0.0111678	4.57918
0.111678	0.0101526	4.43223
0.111678	0.0092296	4.28882
0.111678	0.00839055	4.15561
0.111678	0.00762777	4.03466
0.111678	0.00693433	3.92811
0.111678	0.00630394	3.83947
0.111678	0.00573086	3.76665
0.111678	0.00520987	3.70639
0.111678	0.00473624	3.65572
0.111678	0.00430568	3.61181
0.111678	0.00391425	3.57281
0.111678	0.00355841	3.53892
0.111678	0.00323492	3.51062
0.111678	0.00294083	3.48712
0.111678	0.00267349	3.46763
0.111678	0.00243044	3.45169
0.111678	0.00220949	3.43872
0.111678	0.00200863	3.42809
0.111678	0.00182603	3.41933
0.111678	0.00166002	3.41256
0.111678	0.00150911	3.41005
0.111678	0.00137192	3.41256
0.111678	0.0012472	3.4182
0.111678	0.00113382	3.43917
0.111678	0.00103074	3.57056
0.111678	0.000937041	3.64538
0.111678	0.000851855	3.86241
0.111678	0.000774414	4.39753
0.111678	0.000704013	5.05535
0.111678	0.000640011	5.79141
0.111678	0.000581829	6.51973
0.111678	0.000528935	7.40156
0.101526	0.1	61.7041
0.101526	0.0909091	51.6309
0.101526	0.0826446	39.4872
0.101526	0.0751315	35.9451
0.101526	0.0683013	33.3858
0.101526	0.0620921	31.2326
0.101526	0.0564474	29.3439
0.101526	0.0513158	27.6592
0.101526	0.0466507	26.1805
0.101526	0.0424098	24.8942
0.101526	0.0385543	23.7472
0.101526	0.0350494	22.7121
0.101526	0.0318631	21.2252
0.101526	0.0289664	16.4964
0.101526	0.0263331	12.5847
0.101526	0.0239392	8.3824
0.101526	0.0217629	7.19176
0.101526	0.0197845	6.53074
0.101526	0.0179859	6.05966
0.101526	0.0163508	5.68437
0.101526	0.0148644	5.37483
0.101526	0.0135131	5.12149
0.101526	0.0122846	4.91465
0.101526	0.0111678	4.74041
0.101526	0.0101526	4.58295
0.101526	0.0092296	4.43038
0.101526	0.00839055	4.28565
0.101526	0.00762777	4.15431
0.101526	0.00693433	4.03565
0.101526	0.00630394	3.93406
0.101526	0.00573086	3.85015
0.101526	0.00520987	3.78076
0.101526	0.00473624	3.72282
0.101526	0.00430568	3.67339
0.101526	0.00391425	3.62981
0.101526	0.00355841	3.59108
0.101526	0.00323492	3.55798
0.101526	0.00294083	3.53042
0.101526	0.00267349	3.50737
0.101526	0.00243044	3.48823
0.101526	0.00220949	3.47252
0.101526	0.00200863	3.45958
0.101526	0.00182603	3.44876
0.101526	0.00166002	3.43973
0.101526	0.00150911	3.4337
0.101526	0.00137192	3.43389
0.101526	0.0012472	3.43603
0.101526	0.00113382	3.4464
0.101526	0.00103074	3.55998
0.101526	0.000937041	3.62224
0.101526	0.000851855	3.72596
0.101526	0.000774414	3.88113
0.101526	0.000704013	4.44938
0.101526	0.000640011	5.08853
0.101526	0.000581829	5.70287
0.101526	0.000528935	6.67436
0.092296	0.1	70.5936
0.092296	0.0909091	64.1112
0.092296	0.0826446	45.5117
0.092296	0.0751315	39.5623
0.092296	0.0683013	36.4676
0.092296	0.0620921	34.0035
0.092296	0.0564474	31.8775
0.092296	0.0513158	30.0019
0.092296	0.0466507	28.3309
0.092296	0.0424098	26.8881
0.092296	0.0385543	25.6182
0.092296	0.0350494	24.4945
0.092296	0.0318631	23.4584
0.092296	0.0289664	20.4555
0.092296	0.0263331	15.4327
0.092296	0.0239392	10.7263
0.092296	0.0217629	7.85629
0.092296	0.0197845	6.99831
0.092296	0.0179859	6.43324
0.092296	0.0163508	6.00078
0.092296	0.0148644	5.64626
0.092296	0.0135131	5.35473
0.092296	0.0122846	5.11731
0.092296	0.0111678	4.92097
0.092296	0.0101526	4.74947
0.092296	0.0092296	4.58749
0.092296	0.00839055	4.431
0.092296	0.00762777	4.28797
0.092296	0.00693433	4.15835
0.092296	0.00630394	4.04338
0.092296	0.00573086	3.94706
0.092296	0.00520987	3.8673
0.092296	0.00473624	3.80083
0.092296	0.00430568	3.74475
0.092296	0.00391425	3.69609
0.092296	0.00355841	3.65263
0.092296	0.00323492	3.6144
0.092296	0.00294083	3.58217
0.092296	0.00267349	3.5552
0.092296	0.00243044	3.53251
0.092296	0.00220949	3.51367
0.092296	0.00200863	3.49808
0.092296	0.00182603	3.48501
0.092296	0.00166002	3.47386
0.092296	0.00150911	3.4647
0.092296	0.00137192	3.46192
0.092296	0.0012472	3.46226
0.092296	0.00113382	3.46688
0.092296	0.00103074	3.50935
0.092296	0.000937041	3.65257
0.092296	0.000851855	3.70547
0.092296	0.000774414	3.81317
0.092296	0.000704013	3.9642
0.092296	0.000640011	4.51727
0.092296	0.000581829	5.21407
0.092296	0.000528935	5.75333
0.0839055	0.1	78.473
0.0839055	0.0909091	73.5999
0.0839055	0.0826446	64.5191
0.0839055	0.0751315	44.1213
0.0839055	0.0683013	39.9719
0.0839055	0.0620921	37.0868
0.0839055	0.0564474	34.6739
0.0839055	0.0513158	32.57
0.0839055	0.0466507	30.6997
0.0839055	0.0424098	29.06
0.0839055	0.0385543	27.6446
0.0839055	0.0350494	26.3961
0.0839055	0.0318631	25.2941
0.0839055	0.0289664	24.212
0.0839055	0.0263331	18.8818
0.0839055	0.0239392	14.5459
0.0839055	0.0217629	8.78938
0.0839055	0.0197845	7.57091
0.0839055	0.0179859	6.86969
0.0839055	0.0163508	6.36344
0.0839055	0.0148644	5.95697
0.0839055	0.0135131	5.62153
0.0839055	0.0122846	5.34787
0.0839055	0.0111678	5.12419
0.0839055	0.0101526	4.93425
0.0839055	0.0092296	4.7609
0.0839055	0.00839055	4.59325
0.0839055	0.00762777	4.43685
0.0839055	0.00693433	4.29612
0.0839055	0.00630394	4.16854
0.0839055	0.00573086	4.05862
0.0839055	0.00520987	3.96719
0.0839055	0.00473624	3.89097
0.0839055	0.00430568	3.82696
0.0839055	0.00391425	3.77226
0.0839055	0.00355841	3.72393
0.0839055	0.00323492	3.6806
0.0839055	0.00294083	3.64314
0.0839055	0.00267349	3.61171
0.0839055	0.00243044	3.58516
0.0839055	0.00220949	3.56277
0.0839055	0.00200863	3.54413
0.0839055	0.00182603	3.5285
0.0839055	0.00166002	3.51511
0.0839055	0.00150911	3.5035
0.0839055	0.00137192	3.49625
0.0839055	0.0012472	3.49574
0.0839055	0.00113382	3.49666
0.0839055	0.00103074	3.52592
0.0839055	0.000937041	3.6792
0.0839055	0.000851855	3.77444
0.0839055	0.000774414	3.80112
0.0839055	0.000704013	3.91031
0.0839055	0.000640011	3.95018
0.0839055	0.000581829	4.51114
0.0839055	0.000528935	5.27941
0.0762777	0.1	83.8792
0.0762777	0.0909091	83.0926
0.0762777	0.0826446	74.6332
0.0762777	0.0751315	56.8873
0.0762777	0.0683013	44.1274
0.0762777	0.0620921	40.554
0.0762777	0.0564474	37.7744
0.0762777	0.0513158	35.3937
0.0762777	0.0466507	33.3059
0.0762777	0.0424098	31.4469
0.0762777	0.0385543	29.8469
0.0762777	0.0350494	28.4504
0.0762777	0.0318631	27.2321
0.0762777	0.0289664	26.1384
0.0762777	0.0263331	24.0781
0.0762777	0.0239392	17.4344
0.0762777	0.0217629	12.4449
0.0762777	0.0197845	8.30717
0.0762777	0.0179859	7.39062
0.0762777	0.0163508	6.78194
0.0762777	0.0148644	6.31283
0.0762777	0.0135131	5.92713
0.0762777	0.0122846	5.61097
0.0762777	0.0111678	5.35396
0.0762777	0.0101526	5.14045
0.0762777	0.0092296	4.95217
0.0762777	0.00839055	4.77351
0.0762777	0.00762777	4.60303
0.0762777	0.00693433	4.44929
0.0762777	0.00630394	4.3102
0.0762777	0.00573086	4.1862
0.0762777	0.00520987	4.08172
0.0762777	0.00473624	3.99452
0.0762777	0.00430568	3.92133
0.0762777	0.00391425	3.85933
0.0762777	0.00355841	3.80548
0.0762777	0.00323492	3.75718
0.0762777	0.00294083	3.71422
0.0762777	0.00267349	3.67768
0.0762777	0.00243044	3.64683
0.0762777	0.00220949	3.62056
0.0762777	0.00200863	3.59841
0.0762777	0.00182603	3.57983
0.0762777	0.00166002	3.56394
0.0762777	0.00150911	3.55003
0.0762777	0.00137192	3.53821
0.0762777	0.0012472	3.53654
0.0762777	0.00113382	3.53462
0.0762777	0.00103074	3.55726
0.0762777	0.000937041	3.63125
0.0762777	0.000851855	3.82846
0.0762777	0.000774414	3.87876
0.0762777	0.000704013	3.88865
0.0762777	0.000640011	3.99397
0.0762777	0.000581829	4.05405
0.0762777	0.000528935	4.61387
0.0693433	0.1	88.9827
0.0693433	0.0909091	88.3105
0.0693433	0.0826446	87.4623
0.0693433	0.0751315	76.1507
0.0693433	0.0683013	50.1505
0.0693433	0.0620921	44.5283
0.0693433	0.0564474	41.24
0.0693433	0.0513158	38.5194
0.0693433	0.0466507	36.1654
0.0693433	0.0424098	34.0814
0.0693433	0.0385543	32.2534
0.0693433	0.0350494	30.6846
0.0693433	0.0318631	29.3134
0.0693433	0.0289664	28.1249
0.0693433	0.0263331	27.0106
0.0693433	0.0239392	22.5767
0.0693433	0.0217629	16.4115
0.0693433	0.0197845	9.49355
0.0693433	0.0179859	8.03188
0.0693433	0.0163508	7.27222
0.0693433	0.0148644	6.72135
0.0693433	0.0135131	6.27763
0.0693433	0.0122846	5.91207
0.0693433	0.0111678	5.61496
0.0693433	0.0101526	5.37187
0.0693433	0.0092296	5.16394
0.0693433	0.00839055	4.9727
0.0693433	0.00762777	4.78864
0.0693433	0.00693433	4.61959
0.0693433	0.00630394	4.46847
0.0693433	0.00573086	4.33117
0.0693433	0.00520987	4.21234
0.0693433	0.00473624	4.11284
0.0693433	0.00430568	4.02926
0.0693433	0.00391425	3.95864
0.0693433	0.00355841	3.89816
0.0693433	0.00323492	3.84464
0.0693433	0.00294083	3.7963
0.0693433	0.00267349	3.75405
0.0693433	0.00243044	3.71832
0.0693433	0.00220949	3.68782
0.0693433	0.00200863	3.66175
0.0693433	0.00182603	3.63972
0.0693433	0.00166002	3.62096
0.0693433	0.00150911	3.60456
0.0693433	0.00137192	3.58994
0.0693433	0.0012472	3.58331
0.0693433	0.00113382	3.58133
0.0693433	0.00103074	3.60341
0.0693433	0.000937041	3.66697
0.0693433	0.000851855	3.89706
0.0693433	0.000774414	3.95029
0.0693433	0.000704013	3.97413
0.0693433	0.000640011	3.99579
0.0693433	0.000581829	4.09909
0.0693433	0.000528935	4.18729
0.0630394	0.1	94.2019
0.0630394	0.0909091	93.6204
0.0630394	0.0826446	92.9418
0.0630394	0.0751315	91.289
0.0630394	0.0683013	78.0831
0.0630394	0.0620921	49.6357
0.0630394	0.0564474	45.1635
0.0630394	0.0513158	41.9991
0.0630394	0.0466507	39.3175
0.0630394	0.0424098	36.9836
0.0630394	0.0385543	34.9057
0.0630394	0.0350494	33.1197
0.0630394	0.0318631	31.5726
0.0630394	0.0289664	30.2386
0.0630394	0.0263331	29.0663
0.0630394	0.0239392	27.8875
0.0630394	0.0217629	20.7815
0.0630394	0.0197845	14.3953
0.0630394	0.0179859	8.91112
0.0630394	0.0163508	7.86086
0.0630394	0.0148644	7.19409
0.0630394	0.0135131	6.68007
0.0630394	0.0122846	6.25763
0.0630394	0.0111678	5.91281
0.0630394	0.0101526	5.63309
0.0630394	0.0092296	5.39979
0.0630394	0.00839055	5.19241
0.0630394	0.00762777	4.99531
0.0630394	0.00693433	4.80966
0.0630394	0.00630394	4.64407
0.0630394	0.00573086	4.49447
0.0630394	0.00520987	4.36068
0.0630394	0.00473624	4.24742
0.0630394	0.00430568	4.15221
0.0630394	0.00391425	4.07173
0.0630394	0.00355841	4.00324
0.0630394	0.00323492	3.94369
0.0630394	0.00294083	3.89008
0.0630394	0.00267349	3.84193
0.0630394	0.00243044	3.80059
0.0630394	0.00220949	3.76541
0.0630394	0.00200863	3.73506
0.0630394	0.00182603	3.70909
0.0630394	0.00166002	3.68698
0.0630394	0.00150911	3.66775
0.0630394	0.00137192	3.65055
0.0630394	0.0012472	3.63594
0.0630394	0.00113382	3.63599
0.0630394	0.00103074	3.65841
0.0630394	0.000937041	3.70033
0.0630394	0.000851855	3.86737
0.0630394	0.000774414	4.02053
0.0630394	0.000704013	4.05703
0.0630394	0.000640011	4.09223
0.0630394	0.000581829	4.1536
0.0630394	0.000528935	4.23071
0.0573086	0.1	99.5613
0.0573086	0.0909091	99.0532
0.0573086	0.0826446	98.4674
0.0573086	0.0751315	97.7845
0.0573086	0.0683013	91.9844
0.0573086	0.0620921	77.6485
0.0573086	0.0564474	50.0087
0.0573086	0.0513158	45.9138
0.0573086	0.0466507	42.82
0.0573086	0.0424098	40.1704
0.0573086	0.0385543	37.8393
0.0573086	0.0350494	35.7891
0.0573086	0.0318631	34.0379
0.0573086	0.0289664	32.5198
0.0573086	0.0263331	31.2238
0.0573086	0.0239392	30.0405
0.0573086	0.0217629	28.6539
0.0573086	0.0197845	19.1811
0.0573086	0.0179859	14.0215
0.0573086	0.0163508	8.62668
0.0573086	0.0148644	7.75105
0.0573086	0.0135131	7.14344
0.0573086	0.0122846	6.65511
0.0573086	0.0111678	6.25421
0.0573086	0.0101526	5.92972
0.0573086	0.0092296	5.66411
0.0573086	0.00839055	5.43554
0.0573086	0.00762777	5.22422
0.0573086	0.00693433	5.02224
0.0573086	0.00630394	4.83924
0.0573086	0.00573086	4.67649
0.0573086	0.00520987	4.52848
0.0573086	0.00473624	4.39996
0.0573086	0.00430568	4.29175
0.0573086	0.00391425	4.20019
0.0573086	0.00355841	4.12236
0.0573086	0.00323492	4.05551
0.0573086	0.00294083	3.99626
0.0573086	0.00267349	3.94239
0.0573086	0.00243044	3.89483
0.0573086	0.00220949	3.85428
0.0573086	0.00200863	3.81931
0.0573086	0.00182603	3.78898
0.0573086	0.00166002	3.76297
0.0573086	0.00150911	3.74047
0.0573086	0.00137192	3.72042
0.0573086	0.0012472	3.70217
0.0573086	0.00113382	3.69815
0.0573086	0.00103074	3.72133
0.0573086	0.000937041	3.75457
0.0573086	0.000851855	3.93236
0.0573086	0.000774414	4.03416
0.0573086	0.000704013	4.16195
0.0573086	0.000640011	4.20115
0.0573086	0.000581829	4.22286
0.0573086	0.000528935	4.29916
0.0520987	0.1	105.07
0.0520987	0.0909091	104.622
0.0520987	0.0826446	104.111
0.0520987	0.0751315	103.524
0.0520987	0.0683013	102.839
0.0520987	0.0620921	92.6251
0.0520987	0.0564474	64.7003
0.0520987	0.0513158	50.4757
0.0520987	0.0466507	46.7415
0.0520987	0.0424098	43.6974
0.0520987	0.0385543	41.0731
0.0520987	0.0350494	38.74
0.0520987	0.0318631	36.7328
0.0520987	0.0289664	35.0064
0.0520987	0.0263331	33.5321
0.0520987	0.0239392	32.2608
0.0520987	0.0217629	31.0258
0.0520987	0.0197845	25.9176
0.0520987	0.0179859	16.0158
0.0520987	0.0163508	10.151
0.0520987	0.0148644	8.42816
0.0520987	0.0135131	7.68235
0.0520987	0.0122846	7.11309
0.0520987	0.0111678	6.64714
0.0520987	0.0101526	6.26863
0.0520987	0.0092296	5.96234
0.0520987	0.00839055	5.70614
0.0520987	0.00762777	5.47708
0.0520987	0.00693433	5.25955
0.0520987	0.00630394	5.05725
0.0520987	0.00573086	4.87837
0.0520987	0.00520987	4.71703
0.0520987	0.00473624	4.57248
0.0520987	0.00430568	4.44965
0.0520987	0.00391425	4.34573
0.0520987	0.00355841	4.25729
0.0520987	0.00323492	4.1817
0.0520987	0.00294083	4.11583
0.0520987	0.00267349	4.05632
0.0520987	0.00243044	4.0024
0.0520987	0.00220949	3.95567
0.0520987	0.00200863	3.91557
0.0520987	0.00182603	3.88051
0.0520987	0.00166002	3.85007
0.0520987	0.00150911	3.82375
0.0520987	0.00137192	3.80046
0.0520987	0.0012472	3.77923
0.0520987	0.00113382	3.76496
0.0520987	0.00103074	3.79062
0.0520987	0.000937041	3.82356
0.0520987	0.000851855	3.97975
0.0520987	0.000774414	4.13745
0.0520987	0.000704013	4.26934
0.0520987	0.000640011	4.28658
0.0520987	0.000581829	4.30957
0.0520987	0.000528935	4.36978
0.0473624	0.1	110.728
0.0473624	0.0909091	110.335
0.0473624	0.0826446	109.886
0.0473624	0.0751315	109.376
0.0473624	0.0683013	108.788
0.0473624	0.0620921	108.106
0.0473624	0.0564474	94.4661
0.0473624	0.0513158	56.9449
0.0473624	0.0466507	51.1996
0.0473624	0.0424098	47.6373
0.0473624	0.0385543	44.6315
0.0473624	0.0350494	42.0114
0.0473624	0.0318631	39.6976
0.0473624	0.0289664	37.7287
0.0473624	0.0263331	36.0348
0.0473624	0.0239392	34.6069
0.0473624	0.0217629	33.3346
0.0473624	0.0197845	32.0116
0.0473624	0.0179859	24.3
0.0473624	0.0163508	15.7666
0.0473624	0.0148644	9.49066
0.0473624	0.0135131	8.32357
0.0473624	0.0122846	7.64278
0.0473624	0.0111678	7.10079
0.0473624	0.0101526	6.65806
0.0473624	0.0092296	6.30129
0.0473624	0.00839055	6.00939
0.0473624	0.00762777	5.7571
0.0473624	0.00693433	5.52322
0.0473624	0.00630394	5.30151
0.0473624	0.00573086	5.10293
0.0473624	0.00520987	4.92708
0.0473624	0.00473624	4.76713
0.0473624	0.00430568	4.62796
0.0473624	0.00391425	4.51021
0.0473624	0.00355841	4.40993
0.0473624	0.00323492	4.3242
0.0473624	0.00294083	4.2503
0.0473624	0.00267349	4.18465
0.0473624	0.00243044	4.12461
0.0473624	0.00220949	4.07107
0.0473624	0.00200863	4.02506
0.0473624	0.00182603	3.98492
0.0473624	0.00166002	3.94959
0.0473624	0.00150911	3.91883
0.0473624	0.00137192	3.89178
0.0473624	0.0012472	3.86724
0.0473624	0.00113382	3.8445
0.0473624	0.00103074	3.86276
0.0473624	0.000937041	3.91181
0.0473624	0.000851855	4.048
0.0473624	0.000774414	4.26452
0.0473624	0.000704013	4.29677
0.0473624	0.000640011	4.36394
0.0473624	0.000581829	4.39858
0.0473624	0.000528935	4.46693
0.0430568	0.1	116.541
0.0430568	0.0909091	116.192
0.0430568	0.0826446	115.799
0.0430568	0.0751315	115.352
0.0430568	0.0683013	114.843
0.0430568	0.0620921	114.259
0.0430568	0.0564474	113.581
0.0430568	0.0513158	97.1065
0.0430568	0.0466507	57.3528
0.0430568	0.0424098	52.0972
0.0430568	0.0385543	48.5932
0.0430568	0.0350494	45.6184
0.0430568	0.0318631	42.9871
0.0430568	0.0289664	40.7146
0.0430568	0.0263331	38.7744
0.0430568	0.0239392	37.13
0.0430568	0.0217629	35.7358
0.0430568	0.0197845	34.4238
0.0430568	0.0179859	33.0202
0.0430568	0.0163508	22.2827
0.0430568	0.0148644	15.8194
0.0430568	0.0135131	9.23762
0.0430568	0.0122846	8.26396
0.0430568	0.0111678	7.62576
0.0430568	0.0101526	7.10789
0.0430568	0.0092296	6.68937
0.0430568	0.00839055	6.35176
0.0430568	0.00762777	6.06898
0.0430568	0.00693433	5.81523
0.0430568	0.00630394	5.57496
0.0430568	0.00573086	5.35412
0.0430568	0.00520987	5.16024
0.0430568	0.00473624	4.98566
0.0430568	0.00430568	4.82915
0.0430568	0.00391425	4.69577
0.0430568	0.00355841	4.58228
0.0430568	0.00323492	4.48512
0.0430568	0.00294083	4.40166
0.0430568	0.00267349	4.32871
0.0430568	0.00243044	4.26257
0.0430568	0.00220949	4.20214
0.0430568	0.00200863	4.1493
0.0430568	0.00182603	4.10351
0.0430568	0.00166002	4.06295
0.0430568	0.00150911	4.02716
0.0430568	0.00137192	3.99571
0.0430568	0.0012472	3.96739
0.0430568	0.00113382	3.94112
0.0430568	0.00103074	3.93817
0.0430568	0.000937041	4.00922
0.0430568	0.000851855	4.18196
0.0430568	0.000774414	4.40829
0.0430568	0.000704013	4.40524
0.0430568	0.000640011	4.47775
0.0430568	0.000581829	4.48816
0.0430568	0.000528935	4.53715
0.0391425	0.1	122.505
0.0391425	0.0909091	122.196
0.0391425	0.0826446	121.848
0.0391425	0.0751315	121.458
0.0391425	0.0683013	121.014
0.0391425	0.0620921	120.51
0.0391425	0.0564474	119.931
0.0391425	0.0513158	119.26
0.0391425	0.0466507	100.303
0.0391425	0.0424098	58.1528
0.0391425	0.0385543	53.0705
0.0391425	0.0350494	49.6073
0.0391425	0.0318631	46.6422
0.0391425	0.0289664	44.0147
0.0391425	0.0263331	41.7843
0.0391425	0.0239392	39.8793
0.0391425	0.0217629	38.2896
0.0391425	0.0197845	36.9045
0.0391425	0.0179859	35.5129
0.0391425	0.0163508	34.0802
0.0391425	0.0148644	19.0621
0.0391425	0.0135131	15.9975
0.0391425	0.0122846	9.10241
0.0391425	0.0111678	8.23703
0.0391425	0.0101526	7.62952
0.0391425	0.0092296	7.13678
0.0391425	0.00839055	6.74158
0.0391425	0.00762777	6.41879
0.0391425	0.00693433	6.13919
0.0391425	0.00630394	5.87986
0.0391425	0.00573086	5.63616
0.0391425	0.00520987	5.42001
0.0391425	0.00473624	5.22928
0.0391425	0.00430568	5.0559
0.0391425	0.00391425	4.90491
0.0391425	0.00355841	4.7766
0.0391425	0.00323492	4.66669
0.0391425	0.00294083	4.57222
0.0391425	0.00267349	4.49044
0.0391425	0.00243044	4.41755
0.0391425	0.00220949	4.35049
0.0391425	0.00200863	4.29015
0.0391425	0.00182603	4.23783
0.0391425	0.00166002	4.19164
0.0391425	0.00150911	4.15035
0.0391425	0.00137192	4.1138
0.0391425	0.0012472	4.0811
0.0391425	0.00113382	4.05092
0.0391425	0.00103074	4.0237
0.0391425	0.000937041	4.116
0.0391425	0.000851855	4.32999
0.0391425	0.000774414	4.55078
0.0391425	0.000704013	4.54044
0.0391425	0.000640011	4.53602
0.0391425	0.000581829	4.5981
0.0391425	0.000528935	4.62449
0.0355841	0.1	128.614
0.0355841	0.0909091	128.343
0.0355841	0.0826446	128.037
0.0355841	0.0751315	127.693
0.0355841	0.0683013	127.307
0.0355841	0.0620921	126.868
0.0355841	0.0564474	126.369
0.0355841	0.0513158	125.797
0.0355841	0.0466507	125.139
0.0355841	0.0424098	103.938
0.0355841	0.0385543	59.1374
0.0355841	0.0350494	54.109
0.0355841	0.0318631	50.6768
0.0355841	0.0289664	47.6942
0.0355841	0.0263331	45.0999
0.0355841	0.0239392	42.9031
0.0355841	0.0217629	41.0519
0.0355841	0.0197845	39.5046
0.0355841	0.0179859	38.093
0.0355841	0.0163508	36.6147
0.0355841	0.0148644	31.451
0.0355841	0.0135131	18.1153
0.0355841	0.0122846	16.1723
0.0355841	0.0111678	9.03645
0.0355841	0.0101526	8.23662
0.0355841	0.0092296	7.65581
0.0355841	0.00839055	7.18925
0.0355841	0.00762777	6.81441
0.0355841	0.00693433	6.50059
0.0355841	0.00630394	6.21861
0.0355841	0.00573086	5.95286
0.0355841	0.00520987	5.71113
0.0355841	0.00473624	5.50017
0.0355841	0.00430568	5.31055
0.0355841	0.00391425	5.14062
0.0355841	0.00355841	4.99548
0.0355841	0.00323492	4.87135
0.0355841	0.00294083	4.7645
0.0355841	0.00267349	4.67224
0.0355841	0.00243044	4.59129
0.0355841	0.00220949	4.51756
0.0355841	0.00200863	4.44967
0.0355841	0.00182603	4.38976
0.0355841	0.00166002	4.33731
0.0355841	0.00150911	4.29016
0.0355841	0.00137192	4.24786
0.0355841	0.0012472	4.21006
0.0355841	0.00113382	4.17541
0.0355841	0.00103074	4.14275
0.0355841	0.000937041	4.23521
0.0355841	0.000851855	4.49599
0.0355841	0.000774414	4.70891
0.0355841	0.000704013	4.72426
0.0355841	0.000640011	4.67392
0.0355841	0.000581829	4.69764
0.0355841	0.000528935	4.73034
0.0323492	0.1	134.868
0.0323492	0.0909091	134.626
0.0323492	0.0826446	134.359
0.0323492	0.0751315	134.057
0.0323492	0.0683013	133.718
0.0323492	0.0620921	133.338
0.0323492	0.0564474	132.906
0.0323492	0.0513158	132.416
0.0323492	0.0466507	131.854
0.0323492	0.0424098	131.208
0.0323492	0.0385543	107.955
0.0323492	0.0350494	60.2486
0.0323492	0.0318631	55.2086
0.0323492	0.0289664	51.7884
0.0323492	0.0263331	48.7881
0.0323492	0.0239392	46.2393
0.0323492	0.0217629	44.08
0.0323492	0.0197845	42.2902
0.0323492	0.0179859	40.7623
0.0323492	0.0163508	39.2829
0.0323492	0.0148644	37.7633
0.0323492	0.0135131	27.8251
0.0323492	0.0122846	18.0154
0.0323492	0.0111678	10.751
0.0323492	0.0101526	8.95463
0.0323492	0.0092296	8.26076
0.0323492	0.00839055	7.70749
0.0323492	0.00762777	7.26609
0.0323492	0.00693433	6.90673
0.0323492	0.00630394	6.59545
0.0323492	0.00573086	6.30724
0.0323492	0.00520987	6.03877
0.0323492	0.00473624	5.80258
0.0323492	0.00430568	5.59487
0.0323492	0.00391425	5.40627
0.0323492	0.00355841	5.24196
0.0323492	0.00323492	5.10182
0.0323492	0.00294083	4.98119
0.0323492	0.00267349	4.87691
0.0323492	0.00243044	4.78619
0.0323492	0.00220949	4.70498
0.0323492	0.00200863	4.62984
0.0323492	0.00182603	4.56162
0.0323492	0.00166002	4.50189
0.0323492	0.00150911	4.44846
0.0323492	0.00137192	4.39991
0.0323492	0.0012472	4.35619
0.0323492	0.00113382	4.31638
0.0323492	0.00103074	4.27902
0.0323492	0.000937041	4.36611
0.0323492	0.000851855	4.66847
0.0323492	0.000774414	4.87811
0.0323492	0.000704013	4.8912
0.0323492	0.000640011	4.88784
0.0323492	0.000581829	4.80918
0.0323492	0.000528935	4.8588
0.0294083	0.1	141.257
0.0294083	0.0909091	141.045
0.0294083	0.0826446	140.807
0.0294083	0.0751315	140.544
0.0294083	0.0683013	140.248
0.0294083	0.0620921	139.915
0.0294083	0.0564474	139.54
0.0294083	0.0513158	139.119
0.0294083	0.0466507	138.638
0.0294083	0.0424098	138.09
0.0294083	0.0385543	137.46
0.0294083	0.0350494	112.336
0.0294083	0.0318631	61.4746
0.0294083	0.0289664	56.3686
0.0294083	0.0263331	52.925
0.0294083	0.0239392	49.9368
0.0294083	0.0217629	47.429
0.0294083	0.0197845	45.3244
0.0294083	0.0179859	43.5852
0.0294083	0.0163508	42.0443
0.0294083	0.0148644	40.4761
0.0294083	0.0135131	38.9802
0.0294083	0.0122846	24.3797
0.0294083	0.0111678	18.2342
0.0294083	0.0101526	10.3028
0.0294083	0.0092296	8.97246
0.0294083	0.00839055	8.31171
0.0294083	0.00762777	7.78675
0.0294083	0.00693433	7.3672
0.0294083	0.00630394	7.01686
0.0294083	0.00573086	6.70238
0.0294083	0.00520987	6.40778
0.0294083	0.00473624	6.14225
0.0294083	0.00430568	5.91168
0.0294083	0.00391425	5.70488
0.0294083	0.00355841	5.51972
0.0294083	0.00323492	5.36127
0.0294083	0.00294083	5.22522
0.0294083	0.00267349	5.10746
0.0294083	0.00243044	5.0052
0.0294083	0.00220949	4.91502
0.0294083	0.00200863	4.83251
0.0294083	0.00182603	4.75595
0.0294083	0.00166002	4.68773
0.0294083	0.00150911	4.62731
0.0294083	0.00137192	4.57214
0.0294083	0.0012472	4.52175
0.0294083	0.00113382	4.47593
0.0294083	0.00103074	4.43322
0.0294083	0.000937041	4.50287
0.0294083	0.000851855	4.84879
0.0294083	0.000774414	5.05162
0.0294083	0.000704013	5.07957
0.0294083	0.000640011	5.06479
0.0294083	0.000581829	4.96704
0.0294083	0.000528935	4.93534
0.0267349	0.1	147.774
0.0267349	0.0909091	147.587
0.0267349	0.0826446	147.379
0.0267349	0.0751315	147.147
0.0267349	0.0683013	146.89
0.0267349	0.0620921	146.6
0.0267349	0.0564474	146.275
0.0267349	0.0513158	145.908
0.0267349	0.0466507	145.497
0.0267349	0.0424098	145.028
0.0267349	0.0385543	144.495
0.0267349	0.0350494	143.883
0.0267349	0.0318631	117.094
0.0267349	0.0289664	62.8149
0.0267349	0.0263331	57.5821
0.0267349	0.0239392	54.0891
0.0267349	0.0217629	51.1429
0.0267349	0.0197845	48.6754
0.0267349	0.0179859	46.6359
0.0267349	0.0163508	44.9254
0.0267349	0.0148644	43.3323
0.0267349	0.0135131	41.7007
0.0267349	0.0122846	40.2704
0.0267349	0.0111678	24.1603
0.0267349	0.0101526	18.5588
0.0267349	0.0092296	10.1599
0.0267349	0.00839055	9.02248
0.0267349	0.00762777	8.39243
0.0267349	0.00693433	7.89478
0.0267349	0.00630394	7.49167
0.0267349	0.00573086	7.14335
0.0267349	0.00520987	6.82216
0.0267349	0.00473624	6.52545
0.0267349	0.00430568	6.26618
0.0267349	0.00391425	6.0389
0.0267349	0.00355841	5.83291
0.0267349	0.00323492	5.65343
0.0267349	0.00294083	5.49992
0.0267349	0.00267349	5.36715
0.0267349	0.00243044	5.25169
0.0267349	0.00220949	5.15066
0.0267349	0.00200863	5.05979
0.0267349	0.00182603	4.97521
0.0267349	0.00166002	4.89768
0.0267349	0.00150911	4.82909
0.0267349	0.00137192	4.76685
0.0267349	0.0012472	4.70927
0.0267349	0.00113382	4.6565
0.0267349	0.00103074	4.60763
0.0267349	0.000937041	4.67695
0.0267349	0.000851855	5.04884
0.0267349	0.000774414	5.17169
0.0267349	0.000704013	5.47732
0.0267349	0.000640011	5.44147
0.0267349	0.000581829	5.41226
0.0267349	0.000528935	5.25577
0.0243044	0.1	154.409
0.0243044	0.0909091	154.246
0.0243044	0.0826446	154.063
0.0243044	0.0751315	153.861
0.0243044	0.0683013	153.634
0.0243044	0.0620921	153.381
0.0243044	0.0564474	153.101
0.0243044	0.0513158	152.785
0.0243044	0.0466507	152.429
0.0243044	0.0424098	152.029
0.0243044	0.0385543	151.574
0.0243044	0.0350494	151.057
0.0243044	0.0318631	150.464
0.0243044	0.0289664	122.278
0.0243044	0.0263331	64.2556
0.0243044	0.0239392	58.8332
0.0243044	0.0217629	55.3004
0.0243044	0.0197845	52.4047
0.0243044	0.0179859	49.9882
0.0243044	0.0163508	48.0057
0.0243044	0.0148644	46.2955
0.0243044	0.0135131	44.6197
0.0243044	0.0122846	42.9848
0.0243044	0.0111678	41.6307
0.0243044	0.0101526	23.9928
0.0243044	0.0092296	18.9604
0.0243044	0.00839055	10.1467
0.0243044	0.00762777	9.10476
0.0243044	0.00693433	8.5057
0.0243044	0.00630394	8.03176
0.0243044	0.00573086	7.63796
0.0243044	0.00520987	7.28584
0.0243044	0.00473624	6.95827
0.0243044	0.00430568	6.66527
0.0243044	0.00391425	6.41195
0.0243044	0.00355841	6.1854
0.0243044	0.00323492	5.98276
0.0243044	0.00294083	5.80915
0.0243044	0.00267349	5.65952
0.0243044	0.00243044	5.52929
0.0243044	0.00220949	5.41546
0.0243044	0.00200863	5.31454
0.0243044	0.00182603	5.22174
0.0243044	0.00166002	5.1349
0.0243044	0.00150911	5.05671
0.0243044	0.00137192	4.98658
0.0243044	0.0012472	4.92145
0.0243044	0.00113382	4.86089
0.0243044	0.00103074	4.80487
0.0243044	0.000937041	4.86129
0.0243044	0.000851855	5.27399
0.0243044	0.000774414	5.37923
0.0243044	0.000704013	5.72318
0.0243044	0.000640011	5.7
0.0243044	0.000581829	5.64655
0.0243044	0.000528935	5.5194
0.0220949	0.1	161.151
0.0220949	0.0909091	161.01
0.0220949	0.0826446	160.851
0.0220949	0.0751315	160.674
0.0220949	0.0683013	160.477
0.0220949	0.0620921	160.257
0.0220949	0.0564474	160.012
0.0220949	0.0513158	159.74
0.0220949	0.0466507	159.433
0.0220949	0.0424098	159.088
0.0220949	0.0385543	158.701
0.0220949	0.0350494	158.262
0.0220949	0.0318631	157.762
0.0220949	0.0289664	157.192
0.0220949	0.0263331	128.013
0.0220949	0.0239392	65.7852
0.0220949	0.0217629	60.1082
0.0220949	0.0197845	56.5738
0.0220949	0.0179859	53.7233
0.0220949	0.0163508	51.3695
0.0220949	0.0148644	49.4234
0.0220949	0.0135131	47.6794
0.0220949	0.0122846	45.9233
0.0220949	0.0111678	44.339
0.0220949	0.0101526	43.0528
0.0220949	0.0092296	24.088
0.0220949	0.00839055	19.4326
0.0220949	0.00762777	10.2129
0.0220949	0.00693433	9.22238
0.0220949	0.00630394	8.65321
0.0220949	0.00573086	8.19703
0.0220949	0.00520987	7.805
0.0220949	0.00473624	7.44585
0.0220949	0.00430568	7.11657
0.0220949	0.00391425	6.83037
0.0220949	0.00355841	6.58043
0.0220949	0.00323492	6.35439
0.0220949	0.00294083	6.15747
0.0220949	0.00267349	5.98865
0.0220949	0.00243044	5.84193
0.0220949	0.00220949	5.71351
0.0220949	0.00200863	5.60042
0.0220949	0.00182603	5.4982
0.0220949	0.00166002	5.40243
0.0220949	0.00150911	5.31373
0.0220949	0.00137192	5.23431
0.0220949	0.0012472	5.16113
0.0220949	0.00113382	5.09224
0.0220949	0.00103074	5.02799
0.0220949	0.000937041	5.03445
0.0220949	0.000851855	5.52606
0.0220949	0.000774414	5.61883
0.0220949	0.000704013	5.98748
0.0220949	0.000640011	5.95881
0.0220949	0.000581829	5.89954
0.0220949	0.000528935	5.8433
0.0200863	0.1	167.993
0.0200863	0.0909091	167.867
0.0200863	0.0826446	167.731
0.0200863	0.0751315	167.577
0.0200863	0.0683013	167.405
0.0200863	0.0620921	167.215
0.0200863	0.0564474	167.003
0.0200863	0.0513158	166.766
0.0200863	0.0466507	166.503
0.0200863	0.0424098	166.207
0.0200863	0.0385543	165.874
0.0200863	0.0350494	165.5
0.0200863	0.0318631	165.078
0.0200863	0.0289664	164.598
0.0200863	0.0263331	164.052
0.0200863	0.0239392	134.676
0.0200863	0.0217629	67.422
0.0200863	0.0197845	61.4139
0.0200863	0.0179859	57.9139
0.0200863	0.0163508	55.1067
0.0200863	0.0148644	52.8121
0.0200863	0.0135131	50.8782
0.0200863	0.0122846	49.0661
0.0200863	0.0111678	47.2724
0.0200863	0.0101526	45.7636
0.0200863	0.0092296	44.5097
0.0200863	0.00839055	24.3799
0.0200863	0.00762777	19.9671
0.0200863	0.00693433	10.3376
0.0200863	0.00630394	9.37873
0.0200863	0.00573086	8.83547
0.0200863	0.00520987	8.38924
0.0200863	0.00473624	7.99322
0.0200863	0.00430568	7.62758
0.0200863	0.00391425	7.30247
0.0200863	0.00355841	7.02254
0.0200863	0.00323492	6.77313
0.0200863	0.00294083	6.55029
0.0200863	0.00267349	6.3592
0.0200863	0.00243044	6.1939
0.0200863	0.00220949	6.04915
0.0200863	0.00200863	5.92176
0.0200863	0.00182603	5.80818
0.0200863	0.00166002	5.70316
0.0200863	0.00150911	5.60404
0.0200863	0.00137192	5.51364
0.0200863	0.0012472	5.43142
0.0200863	0.00113382	5.35388
0.0200863	0.00103074	5.28048
0.0200863	0.000937041	5.21072
0.0200863	0.000851855	5.38371
0.0200863	0.000774414	6.06797
0.0200863	0.000704013	6.26917
0.0200863	0.000640011	6.23495
0.0200863	0.000581829	6.20566
0.0200863	0.000528935	6.11367
0.0182603	0.1	174.921
0.0182603	0.0909091	174.812
0.0182603	0.0826446	174.69
0.0182603	0.0751315	174.558
0.0182603	0.0683013	174.41
0.0182603	0.0620921	174.245
0.0182603	0.0564474	174.061
0.0182603	0.0513158	173.857
0.0182603	0.0466507	173.629
0.0182603	0.0424098	173.376
0.0182603	0.0385543	173.091
0.0182603	0.0350494	172.772
0.0182603	0.0318631	172.412
0.0182603	0.0289664	172.008
0.0182603	0.0263331	171.549
0.0182603	0.0239392	171.027
0.0182603	0.0217629	144.697
0.0182603	0.0197845	69.2932
0.0182603	0.0179859	62.7853
0.0182603	0.0163508	59.318
0.0182603	0.0148644	56.5596
0.0182603	0.0135131	54.3064
0.0182603	0.0122846	52.3578
0.0182603	0.0111678	50.4602
0.0182603	0.0101526	48.6847
0.0182603	0.0092296	47.2552
0.0182603	0.00839055	32.9805
0.0182603	0.00762777	22.2521
0.0182603	0.00693433	20.4772
0.0182603	0.00630394	10.5043
0.0182603	0.00573086	9.576
0.0182603	0.00520987	9.05206
0.0182603	0.00473624	8.60807
0.0182603	0.00430568	8.20479
0.0182603	0.00391425	7.83746
0.0182603	0.00355841	7.5195
0.0182603	0.00323492	7.24314
0.0182603	0.00294083	6.99385
0.0182603	0.00267349	6.77671
0.0182603	0.00243044	6.59011
0.0182603	0.00220949	6.42712
0.0182603	0.00200863	6.28347
0.0182603	0.00182603	6.15617
0.0182603	0.00166002	6.04043
0.0182603	0.00150911	5.93132
0.0182603	0.00137192	5.82896
0.0182603	0.0012472	5.73603
0.0182603	0.00113382	5.64924
0.0182603	0.00103074	5.56623
0.0182603	0.000937041	5.48714
0.0182603	0.000851855	5.65486
0.0182603	0.000774414	6.52423
0.0182603	0.000704013	6.88233
0.0182603	0.000640011	6.85583
0.0182603	0.000581829	6.82882
0.0182603	0.000528935	6.74474
0.0166002	0.1	181.922
0.0166002	0.0909091	181.827
0.0166002	0.0826446	181.722
0.0166002	0.0751315	181.605
0.0166002	0.0683013	181.478
0.0166002	0.0620921	181.336
0.0166002	0.0564474	181.177
0.0166002	0.0513158	181.001
0.0166002	0.0466507	180.805
0.0166002	0.0424098	180.586
0.0166002	0.0385543	180.344
0.0166002	0.0350494	180.071
0.0166002	0.0318631	179.766
0.0166002	0.0289664	179.422
0.0166002	0.0263331	179.036
0.0166002	0.0239392	178.598
0.0166002	0.0217629	178.102
0.0166002	0.0197845	177.533
0.0166002	0.0179859	76.2775
0.0166002	0.0163508	64.5066
0.0166002	0.0148644	60.8013
0.0166002	0.0135131	58.0789
0.0166002	0.0122846	55.846
0.0166002	0.0111678	53.851
0.0166002	0.0101526	51.8831
0.0166002	0.0092296	50.1655
0.0166002	0.00839055	48.8115
0.0166002	0.00762777	32.3792
0.0166002	0.00693433	22.6491
0.0166002	0.00630394	15.186
0.0166002	0.00573086	10.487
0.0166002	0.00520987	9.81286
0.0166002	0.00473624	9.30228
0.0166002	0.00430568	8.85455
0.0166002	0.00391425	8.44448
0.0166002	0.00355841	8.08134
0.0166002	0.00323492	7.77008
0.0166002	0.00294083	7.49407
0.0166002	0.00267349	7.24771
0.0166002	0.00243044	7.03621
0.0166002	0.00220949	6.85254
0.0166002	0.00200863	6.69075
0.0166002	0.00182603	6.54737
0.0166002	0.00166002	6.41868
0.0166002	0.00150911	6.29908
0.0166002	0.00137192	6.18505
0.0166002	0.0012472	6.0794
0.0166002	0.00113382	5.98218
0.0166002	0.00103074	5.88928
0.0166002	0.000937041	5.79956
0.0166002	0.000851855	5.93982
0.0166002	0.000774414	7.10398
0.0166002	0.000704013	7.2105
0.0166002	0.000640011	7.17684
0.0166002	0.000581829	7.14578
0.0166002	0.000528935	7.11495
0.0150911	0.1	188.983
0.0150911	0.0909091	188.901
0.0150911	0.0826446	188.81
0.0150911	0.0751315	188.709
0.0150911	0.0683013	188.598
0.0150911	0.0620921	188.476
0.0150911	0.0564474	188.34
0.0150911	0.0513158	188.188
0.0150911	0.0466507	188.02
0.0150911	0.0424098	187.832
0.0150911	0.0385543	187.623
0.0150911	0.0350494	187.39
0.0150911	0.0318631	187.131
0.0150911	0.0289664	186.84
0.0150911	0.0263331	186.513
0.0150911	0.0239392	186.146
0.0150911	0.0217629	185.73
0.0150911	0.0197845	185.259
0.0150911	0.0179859	184.72
0.0150911	0.0163508	86.7712
0.0150911	0.0148644	66.4532
0.0150911	0.0135131	62.3623
0.0150911	0.0122846	59.6569
0.0150911	0.0111678	57.4246
0.0150911	0.0101526	55.353
0.0150911	0.0092296	53.3576
0.0150911	0.00839055	51.7152
0.0150911	0.00762777	50.4323
0.0150911	0.00693433	32.5239
0.0150911	0.00630394	23.2309
0.0150911	0.00573086	13.5574
0.0150911	0.00520987	10.7226
0.0150911	0.00473624	10.0932
0.0150911	0.00430568	9.58653
0.0150911	0.00391425	9.13147
0.0150911	0.00355841	8.71912
0.0150911	0.00323492	8.36344
0.0150911	0.00294083	8.05606
0.0150911	0.00267349	7.77974
0.0150911	0.00243044	7.53888
0.0150911	0.00220949	7.33133
0.0150911	0.00200863	7.1492
0.0150911	0.00182603	6.98764
0.0150911	0.00166002	6.84338
0.0150911	0.00150911	6.71147
0.0150911	0.00137192	6.58621
0.0150911	0.0012472	6.467
0.0150911	0.00113382	6.35729
0.0150911	0.00103074	6.25372
0.0150911	0.000937041	6.15305
0.0150911	0.000851855	6.20191
0.0150911	0.000774414	7.51909
0.0150911	0.000704013	7.62328
0.0150911	0.000640011	7.57984
0.0150911	0.000581829	7.54064
0.0150911	0.000528935	7.50516
0.0137192	0.1	196.092
0.0137192	0.0909091	196.021
0.0137192	0.0826446	195.942
0.0137192	0.0751315	195.855
0.0137192	0.0683013	195.759
0.0137192	0.0620921	195.653
0.0137192	0.0564474	195.537
0.0137192	0.0513158	195.406
0.0137192	0.0466507	195.262
0.0137192	0.0424098	195.101
0.0137192	0.0385543	194.923
0.0137192	0.0350494	194.724
0.0137192	0.0318631	194.502
0.0137192	0.0289664	194.256
0.0137192	0.0263331	193.979
0.0137192	0.0239392	193.669
0.0137192	0.0217629	193.321
0.0137192	0.0197845	192.927
0.0137192	0.0179859	192.48
0.0137192	0.0163508	191.973
0.0137192	0.0148644	122.669
0.0137192	0.0135131	69.3524
0.0137192	0.0122846	64.0465
0.0137192	0.0111678	61.2922
0.0137192	0.0101526	59.0339
0.0137192	0.0092296	56.8722
0.0137192	0.00839055	54.8969
0.0137192	0.00762777	53.3338
0.0137192	0.00693433	52.1185
0.0137192	0.00630394	32.9755
0.0137192	0.00573086	23.9189
0.0137192	0.00520987	13.3607
0.0137192	0.00473624	11.0263
0.0137192	0.00430568	10.416
0.0137192	0.00391425	9.9064
0.0137192	0.00355841	9.44383
0.0137192	0.00323492	9.03537
0.0137192	0.00294083	8.68688
0.0137192	0.00267349	8.37989
0.0137192	0.00243044	8.10594
0.0137192	0.00220949	7.87026
0.0137192	0.00200863	7.66495
0.0137192	0.00182603	7.48313
0.0137192	0.00166002	7.32071
0.0137192	0.00150911	7.17398
0.0137192	0.00137192	7.03672
0.0137192	0.0012472	6.90455
0.0137192	0.00113382	6.78015
0.0137192	0.00103074	6.66435
0.0137192	0.000937041	6.55238
0.0137192	0.000851855	6.6309
0.0137192	0.000774414	7.46007
0.0137192	0.000704013	7.82171
0.0137192	0.000640011	7.94098
0.0137192	0.000581829	7.89135
0.0137192	0.000528935	7.8486
0.012472	0.1	203.234
0.012472	0.0909091	203.172
0.012472	0.0826446	203.105
0.012472	0.0751315	203.03
0.012472	0.0683013	202.947
0.012472	0.0620921	202.856
0.012472	0.0564474	202.754
0.012472	0.0513158	202.642
0.012472	0.0466507	202.52
0.012472	0.0424098	202.383
0.012472	0.0385543	202.23
0.012472	0.0350494	202.061
0.012472	0.0318631	201.872
0.012472	0.0289664	201.661
0.012472	0.0263331	201.428
0.012472	0.0239392	201.166
0.012472	0.0217629	200.872
0.012472	0.0197845	200.542
0.012472	0.0179859	200.172
0.012472	0.0163508	199.751
0.012472	0.0148644	199.274
0.012472	0.0135131	129.682
0.012472	0.0122846	71.3341
0.012472	0.0111678	65.7425
0.012472	0.0101526	62.9794
0.012472	0.0092296	60.6644
0.012472	0.00839055	58.4283
0.012472	0.00762777	56.507
0.012472	0.00693433	55.0234
0.012472	0.00630394	53.8705
0.012472	0.00573086	33.603
0.012472	0.00520987	24.6918
0.012472	0.00473624	13.4969
0.012472	0.00430568	11.3856
0.012472	0.00391425	10.782
0.012472	0.00355841	10.265
0.012472	0.00323492	9.79902
0.012472	0.00294083	9.39818
0.012472	0.00267349	9.05425
0.012472	0.00243044	8.74637
0.012472	0.00220949	8.47731
0.012472	0.00200863	8.245
0.012472	0.00182603	8.04042
0.012472	0.00166002	7.85766
0.012472	0.00150911	7.69319
0.012472	0.00137192	7.54164
0.012472	0.0012472	7.39697
0.012472	0.00113382	7.25755
0.012472	0.00103074	7.12697
0.012472	0.000937041	7.00251
0.012472	0.000851855	7.49639
0.012472	0.000774414	7.75152
0.012472	0.000704013	8.15073
0.012472	0.000640011	8.20959
0.012472	0.000581829	8.15903
0.012472	0.000528935	8.10476
0.0113382	0.1	210.395
0.0113382	0.0909091	210.342
0.0113382	0.0826446	210.284
0.0113382	0.0751315	210.22
0.0113382	0.0683013	210.149
0.0113382	0.0620921	210.07
0.0113382	0.0564474	209.983
0.0113382	0.0513158	209.887
0.0113382	0.0466507	209.781
0.0113382	0.0424098	209.665
0.0113382	0.0385543	209.535
0.0113382	0.0350494	209.391
0.0113382	0.0318631	209.23
0.0113382	0.0289664	209.051
0.0113382	0.0263331	208.852
0.0113382	0.0239392	208.632
0.0113382	0.0217629	208.385
0.0113382	0.0197845	208.107
0.0113382	0.0179859	207.796
0.0113382	0.0163508	207.447
0.0113382	0.0148644	207.052
0.0113382	0.0135131	206.605
0.0113382	0.0122846	206.095
0.0113382	0.0111678	80.7101
0.0113382	0.0101526	67.9139
0.0113382	0.0092296	64.7429
0.0113382	0.00839055	62.3152
0.0113382	0.00762777	60.0414
0.0113382	0.00693433	58.1918
0.0113382	0.00630394	56.7863
0.0113382	0.00573086	55.6795
0.0113382	0.00520987	34.3338
0.0113382	0.00473624	25.5418
0.0113382	0.00430568	13.807
0.0113382	0.00391425	11.8
0.0113382	0.00355841	11.193
0.0113382	0.00323492	10.6675
0.0113382	0.00294083	10.2046
0.0113382	0.00267349	9.8117
0.0113382	0.00243044	9.46843
0.0113382	0.00220949	9.1618
0.0113382	0.00200863	8.89747
0.0113382	0.00182603	8.66673
0.0113382	0.00166002	8.46135
0.0113382	0.00150911	8.27638
0.0113382	0.00137192	8.10779
0.0113382	0.0012472	7.94947
0.0113382	0.00113382	7.79608
0.0113382	0.00103074	7.64869
0.0113382	0.000937041	7.50967
0.0113382	0.000851855	7.94556
0.0113382	0.000774414	7.84777
0.0113382	0.000704013	8.34745
0.0113382	0.000640011	8.59901
0.0113382	0.000581829	8.56666
0.0113382	0.000528935	8.50787
0.0103074	0.1	217.561
0.0103074	0.0909091	217.516
0.0103074	0.0826446	217.466
0.0103074	0.0751315	217.411
0.0103074	0.0683013	217.35
0.0103074	0.0620921	217.283
0.0103074	0.0564474	217.209
0.0103074	0.0513158	217.127
0.0103074	0.0466507	217.036
0.0103074	0.0424098	216.935
0.0103074	0.0385543	216.826
0.0103074	0.0350494	216.703
0.0103074	0.0318631	216.566
0.0103074	0.0289664	216.415
0.0103074	0.0263331	216.246
0.0103074	0.0239392	216.059
0.0103074	0.0217629	215.851
0.0103074	0.0197845	215.618
0.0103074	0.0179859	215.357
0.0103074	0.0163508	215.064
0.0103074	0.0148644	214.737
0.0103074	0.0135131	214.367
0.0103074	0.0122846	213.948
0.0103074	0.0111678	213.471
0.0103074	0.0101526	97.1622
0.0103074	0.0092296	70.4071
0.0103074	0.00839055	66.5753
0.0103074	0.00762777	63.9967
0.0103074	0.00693433	61.7264
0.0103074	0.00630394	59.9544
0.0103074	0.00573086	58.625
0.0103074	0.00520987	48.3809
0.0103074	0.00473624	30.6804
0.0103074	0.00430568	26.2876
0.0103074	0.00391425	14.1402
0.0103074	0.00355841	12.2683
0.0103074	0.00323492	11.6525
0.0103074	0.00294083	11.1218
0.0103074	0.00267349	10.6666
0.0103074	0.00243044	10.2792
0.0103074	0.00220949	9.93427
0.0103074	0.00200863	9.63179
0.0103074	0.00182603	9.37033
0.0103074	0.00166002	9.13947
0.0103074	0.00150911	8.93184
0.0103074	0.00137192	8.74302
0.0103074	0.0012472	8.56837
0.0103074	0.00113382	8.40127
0.0103074	0.00103074	8.23798
0.0103074	0.000937041	8.08151
0.0103074	0.000851855	8.43272
0.0103074	0.000774414	8.32394
0.0103074	0.000704013	8.5368
0.0103074	0.000640011	8.96087
0.0103074	0.000581829	8.94252
0.0103074	0.000528935	8.90322
0.00937041	0.1	224.719
0.00937041	0.0909091	224.681
0.00937041	0.0826446	224.638
0.00937041	0.0751315	224.591
0.00937041	0.0683013	224.539
0.00937041	0.0620921	224.481
0.00937041	0.0564474	224.418
0.00937041	0.0513158	224.348
0.00937041	0.0466507	224.27
0.00937041	0.0424098	224.184
0.00937041	0.0385543	224.089
0.00937041	0.0350494	223.986
0.00937041	0.0318631	223.87
0.00937041	0.0289664	223.741
0.00937041	0.0263331	223.599
0.00937041	0.0239392	223.44
0.00937041	0.0217629	223.263
0.00937041	0.0197845	223.067
0.00937041	0.0179859	222.849
0.00937041	0.0163508	222.604
0.00937041	0.0148644	222.33
0.00937041	0.0135131	222.023
0.00937041	0.0122846	221.677
0.00937041	0.0111678	221.286
0.00937041	0.0101526	220.842
0.00937041	0.0092296	138.346
0.00937041	0.00839055	73.6297
0.00937041	0.00762777	68.5088
0.00937041	0.00693433	65.7325
0.00937041	0.00630394	63.4924
0.00937041	0.00573086	61.7984
0.00937041	0.00520987	60.5425
0.00937041	0.00473624	44.8624
0.00937041	0.00430568	30.4674
0.00937041	0.00391425	27.2674
0.00937041	0.00355841	14.6664
0.00937041	0.00323492	12.796
0.00937041	0.00294083	12.1659
0.00937041	0.00267349	11.6367
0.00937041	0.00243044	11.1901
0.00937041	0.00220949	10.8039
0.00937041	0.00200863	10.459
0.00937041	0.00182603	10.1608
0.00937041	0.00166002	9.90037
0.00937041	0.00150911	9.66754
0.00937041	0.00137192	9.45609
0.00937041	0.0012472	9.2623
0.00937041	0.00113382	9.07969
0.00937041	0.00103074	8.90201
0.00937041	0.000937041	8.7277
0.00937041	0.000851855	8.96325
0.00937041	0.000774414	8.84024
0.00937041	0.000704013	10.5488
0.00937041	0.000640011	10.4042
0.00937041	0.000581829	10.223
0.00937041	0.000528935	10.0652
0.00851855	0.1	231.855
0.00851855	0.0909091	231.821
0.00851855	0.0826446	231.785
0.00851855	0.0751315	231.745
0.00851855	0.0683013	231.7
0.00851855	0.0620921	231.651
0.00851855	0.0564474	231.597
0.00851855	0.0513158	231.537
0.00851855	0.0466507	231.471
0.00851855	0.0424098	231.398
0.00851855	0.0385543	231.317
0.00851855	0.0350494	231.228
0.00851855	0.0318631	231.129
0.00851855	0.0289664	231.021
0.00851855	0.0263331	230.9
0.00851855	0.0239392	230.766
0.00851855	0.0217629	230.617
0.00851855	0.0197845	230.451
0.00851855	0.0179859	230.267
0.00851855	0.0163508	230.062
0.00851855	0.0148644	229.833
0.00851855	0.0135131	229.576
0.00851855	0.0122846	229.288
0.00851855	0.0111678	228.966
0.00851855	0.0101526	228.601
0.00851855	0.0092296	228.188
0.00851855	0.00839055	150.986
0.00851855	0.00762777	76.2158
0.00851855	0.00693433	70.4472
0.00851855	0.00630394	67.5337
0.00851855	0.00573086	65.3439
0.00851855	0.00520987	63.7271
0.00851855	0.00473624	62.5384
0.00851855	0.00430568	44.3544
0.00851855	0.00391425	31.1059
0.00851855	0.00355841	28.3474
0.00851855	0.00323492	15.2949
0.00851855	0.00294083	13.3859
0.00851855	0.00267349	12.7417
0.00851855	0.00243044	12.2191
0.00851855	0.00220949	11.779
0.00851855	0.00200863	11.3912
0.00851855	0.00182603	11.0495
0.00851855	0.00166002	10.754
0.00851855	0.00150911	10.4926
0.00851855	0.00137192	10.2566
0.00851855	0.0012472	10.0407
0.00851855	0.00113382	9.84
