1	0.01	10.9027
1	0.00833333	14.072
1	0.00694444	17.7314
1	0.00578704	21.4898
1	0.00482253	24.9486
1	0.00401878	27.8537
1	0.00334898	30.2208
1	0.00279082	32.1337
1	0.00232568	33.6455
1	0.00193807	34.8207
1	0.00161506	35.7291
1	0.00134588	36.4302
1	0.00112157	36.9685
1	0.000934639	37.3802
1	0.000778866	37.6953
1	0.000649055	37.9365
1	0.000540879	38.1208
1	0.000450732	38.2616
1	0.00037561	38.3694
1	0.000313009	38.4519
1	0.000260841	38.5152
1	0.000217367	38.5637
1	0.000181139	38.6009
1	0.000150949	38.6293
1	0.000125791	38.651
1	0.000104826	38.6677
0.833333	0.01	7.83527
0.833333	0.00833333	10.4522
0.833333	0.00694444	13.8732
0.833333	0.00578704	17.803
0.833333	0.00482253	21.7836
0.833333	0.00401878	25.3411
0.833333	0.00334898	28.2463
0.833333	0.00279082	30.5931
0.833333	0.00232568	32.47
0.833333	0.00193807	33.9335
0.833333	0.00161506	35.059
0.833333	0.00134588	35.923
0.833333	0.00112157	36.5861
0.833333	0.000934639	37.0921
0.833333	0.000778866	37.4773
0.833333	0.000649055	37.7712
0.833333	0.000540879	37.9956
0.833333	0.000450732	38.1664
0.833333	0.00037561	38.2968
0.833333	0.000313009	38.3966
0.833333	0.000260841	38.4729
0.833333	0.000217367	38.5314
0.833333	0.000181139	38.5762
0.833333	0.000150949	38.6105
0.833333	0.000125791	38.6368
0.833333	0.000104826	38.6568
0.694444	0.01	5.51278
0.694444	0.00833333	7.44157
0.694444	0.00694444	10.2263
0.694444	0.00578704	13.9024
0.694444	0.00482253	18.0822
0.694444	0.00401878	22.2407
0.694444	0.00334898	25.8322
0.694444	0.00279082	28.696
0.694444	0.00232568	31.0023
0.694444	0.00193807	32.8261
0.694444	0.00161506	34.2282
0.694444	0.00134588	35.297
0.694444	0.00112157	36.1133
0.694444	0.000934639	36.737
0.694444	0.000778866	37.2104
0.694444	0.000649055	37.5695
0.694444	0.000540879	37.843
0.694444	0.000450732	38.0509
0.694444	0.00037561	38.2088
0.694444	0.000313009	38.3295
0.694444	0.000260841	38.4218
0.694444	0.000217367	38.4924
0.694444	0.000181139	38.5465
0.694444	0.000150949	38.5879
0.694444	0.000125791	38.6195
0.694444	0.000104826	38.6437
0.578704	0.01	4.05502
0.578704	0.00833333	5.17303
0.578704	0.00694444	7.26461
0.578704	0.00578704	10.247
0.578704	0.00482253	14.1722
0.578704	0.00401878	18.5802
0.578704	0.00334898	22.8491
0.578704	0.00279082	26.4032
0.578704	0.00232568	29.1963
0.578704	0.00193807	31.4433
0.578704	0.00161506	33.1968
0.578704	0.00134588	34.5255
0.578704	0.00112157	35.5325
0.578704	0.000934639	36.2988
0.578704	0.000778866	36.8823
0.578704	0.000649055	37.3232
0.578704	0.000540879	37.6568
0.578704	0.000450732	37.9106
0.578704	0.00037561	38.1026
0.578704	0.000313009	38.2484
0.578704	0.000260841	38.3599
0.578704	0.000217367	38.4452
0.578704	0.000181139	38.5104
0.578704	0.000150949	38.5604
0.578704	0.000125791	38.5986
0.578704	0.000104826	38.6278
0.482253	0.01	3.22703
0.482253	0.00833333	3.7154
0.482253	0.00694444	5.0457
0.482253	0.00578704	7.30285
0.482253	0.00482253	10.5257
0.482253	0.00401878	14.6761
0.482253	0.00334898	19.2904
0.482253	0.00279082	23.5873
0.482253	0.00232568	27.035
0.482253	0.00193807	29.7412
0.482253	0.00161506	31.9108
0.482253	0.00134588	33.5753
0.482253	0.00112157	34.8219
0.482253	0.000934639	35.7633
0.482253	0.000778866	36.4784
0.482253	0.000649055	37.0216
0.482253	0.000540879	37.4304
0.482253	0.000450732	37.7393
0.482253	0.00037561	37.974
0.482253	0.000313009	38.1506
0.482253	0.000260841	38.2851
0.482253	0.000217367	38.3881
0.482253	0.000181139	38.4669
0.482253	0.000150949	38.5271
0.482253	0.000125791	38.5733
0.482253	0.000104826	38.6086
0.401878	0.01	2.75911
0.401878	0.00833333	2.97839
0.401878	0.00694444	3.58241
0.401878	0.00578704	5.11517
0.401878	0.00482253	7.56767
0.401878	0.00401878	11.0574
0.401878	0.00334898	15.4223
0.401878	0.00279082	20.1795
0.401878	0.00232568	24.426
0.401878	0.00193807	27.715
0.401878	0.00161506	30.3233
0.401878	0.00134588	32.3981
0.401878	0.00112157	33.9543
0.401878	0.000934639	35.1139
0.401878	0.000778866	35.9873
0.401878	0.000649055	36.6516
0.401878	0.000540879	37.1545
0.401878	0.000450732	37.5322
0.401878	0.00037561	37.8173
0.401878	0.000313009	38.0332
0.401878	0.000260841	38.1955
0.401878	0.000217367	38.3194
0.401878	0.000181139	38.4143
0.401878	0.000150949	38.487
0.401878	0.000125791	38.5426
0.401878	0.000104826	38.5853
0.334898	0.01	2.48564
0.334898	0.00833333	2.53806
0.334898	0.00694444	2.83896
0.334898	0.00578704	3.37808
0.334898	0.00482253	5.17393
0.334898	0.00401878	8.08671
0.334898	0.00334898	11.8173
0.334898	0.00279082	16.4111
0.334898	0.00232568	21.2247
0.334898	0.00193807	25.3219
0.334898	0.00161506	28.4345
0.334898	0.00134588	30.9374
0.334898	0.00112157	32.8926
0.334898	0.000934639	34.3282
0.334898	0.000778866	35.3985
0.334898	0.000649055	36.2035
0.334898	0.000540879	36.8183
0.334898	0.000450732	37.2811
0.334898	0.00037561	37.6285
0.334898	0.000313009	37.8912
0.334898	0.000260841	38.0885
0.334898	0.000217367	38.2373
0.334898	0.000181139	38.3514
0.334898	0.000150949	38.4387
0.334898	0.000125791	38.5056
0.334898	0.000104826	38.5571
0.279082	0.01	2.34775
0.279082	0.00833333	2.3071
0.279082	0.00694444	2.42171
0.279082	0.00578704	2.79079
0.279082	0.00482253	3.35614
0.279082	0.00401878	4.98248
0.279082	0.00334898	8.71303
0.279082	0.00279082	12.7995
0.279082	0.00232568	17.5874
0.279082	0.00193807	22.3957
0.279082	0.00161506	26.2474
0.279082	0.00134588	29.1817
0.279082	0.00112157	31.5789
0.279082	0.000934639	33.3793
0.279082	0.000778866	34.6921
0.279082	0.000649055	35.6725
0.279082	0.000540879	36.4122
0.279082	0.000450732	36.978
0.279082	0.00037561	37.4018
0.279082	0.000313009	37.7197
0.279082	0.000260841	37.9605
0.279082	0.000217367	38.1405
0.279082	0.000181139	38.2764
0.279082	0.000150949	38.3812
0.279082	0.000125791	38.4614
0.279082	0.000104826	38.523
0.232568	0.01	2.344
0.232568	0.00833333	2.26338
0.232568	0.00694444	2.22472
0.232568	0.00578704	2.33841
0.232568	0.00482253	2.74107
0.232568	0.00401878	3.44577
0.232568	0.00334898	4.93036
0.232568	0.00279082	8.80081
0.232568	0.00232568	13.992
0.232568	0.00193807	18.928
0.232568	0.00161506	23.6088
0.232568	0.00134588	27.1824
0.232568	0.00112157	29.9594
0.232568	0.000934639	32.2196
0.232568	0.000778866	33.8502
0.232568	0.000649055	35.0403
0.232568	0.000540879	35.934
0.232568	0.000450732	36.6139
0.232568	0.00037561	37.1289
0.232568	0.000313009	37.517
0.232568	0.000260841	37.8061
0.232568	0.000217367	38.0255
0.232568	0.000181139	38.1893
0.232568	0.000150949	38.3131
0.232568	0.000125791	38.4092
0.232568	0.000104826	38.4826
0.193807	0.01	2.51222
0.193807	0.00833333	2.29823
0.193807	0.00694444	2.20224
0.193807	0.00578704	2.18259
0.193807	0.00482253	2.26628
0.193807	0.00401878	2.66244
0.193807	0.00334898	3.5191
0.193807	0.00279082	4.94988
0.193807	0.00232568	8.60192
0.193807	0.00193807	15.1103
0.193807	0.00161506	20.4036
0.193807	0.00134588	24.8296
0.193807	0.00112157	28.1187
0.193807	0.000934639	30.7778
0.193807	0.000778866	32.8339
0.193807	0.000649055	34.2958
0.193807	0.000540879	35.3706
0.193807	0.000450732	36.1825
0.193807	0.00037561	36.8067
0.193807	0.000313009	37.272
0.193807	0.000260841	37.6256
0.193807	0.000217367	37.8877
0.193807	0.000181139	38.0873
0.193807	0.000150949	38.2344
0.193807	0.000125791	38.3478
0.193807	0.000104826	38.4356
0.161506	0.01	2.81472
0.161506	0.00833333	2.52029
0.161506	0.00694444	2.25201
0.161506	0.00578704	2.27539
0.161506	0.00482253	2.16762
0.161506	0.00401878	2.33221
0.161506	0.00334898	2.51357
0.161506	0.00279082	3.41879
0.161506	0.00232568	4.82279
0.161506	0.00193807	7.99125
0.161506	0.00161506	15.4437
0.161506	0.00134588	21.9033
0.161506	0.00112157	26.0439
0.161506	0.000934639	29.0559
0.161506	0.000778866	31.5846
0.161506	0.000649055	33.4116
0.161506	0.000540879	34.7113
0.161506	0.000450732	35.6812
0.161506	0.00037561	36.4244
0.161506	0.000313009	36.9868
0.161506	0.000260841	37.411
0.161506	0.000217367	37.727
0.161506	0.000181139	37.9648
0.161506	0.000150949	38.145
0.161506	0.000125791	38.2768
0.161506	0.000104826	38.3807
0.134588	0.01	3.18823
0.134588	0.00833333	2.87114
0.134588	0.00694444	2.41871
0.134588	0.00578704	2.30221
0.134588	0.00482253	2.24972
0.134588	0.00401878	2.2503
0.134588	0.00334898	2.37593
0.134588	0.00279082	2.45125
0.134588	0.00232568	3.07846
0.134588	0.00193807	4.84843
0.134588	0.00161506	7.78307
0.134588	0.00134588	14.5019
0.134588	0.00112157	23.1769
0.134588	0.000934639	27.1911
0.134588	0.000778866	30.0381
0.134588	0.000649055	32.348
0.134588	0.000540879	33.9404
0.134588	0.000450732	35.0957
0.134588	0.00037561	35.9737
0.134588	0.000313009	36.6531
0.134588	0.000260841	37.1532
0.134588	0.000217367	37.5416
0.134588	0.000181139	37.8214
0.134588	0.000150949	38.0395
0.134588	0.000125791	38.1976
0.134588	0.000104826	38.3173
0.112157	0.01	3.6583
0.112157	0.00833333	3.24672
0.112157	0.00694444	2.87858
0.112157	0.00578704	2.30198
0.112157	0.00482253	2.38487
0.112157	0.00401878	2.26611
0.112157	0.00334898	2.37587
0.112157	0.00279082	2.27709
0.112157	0.00232568	2.57035
0.112157	0.00193807	3.00219
0.112157	0.00161506	4.75984
0.112157	0.00134588	7.625
0.112157	0.00112157	13.1112
0.112157	0.000934639	22.8924
0.112157	0.000778866	28.3031
0.112157	0.000649055	31.0142
0.112157	0.000540879	33.0293
0.112157	0.000450732	34.4164
0.112157	0.00037561	35.4498
0.112157	0.000313009	36.2562
0.112157	0.000260841	36.8612
0.112157	0.000217367	37.3151
0.112157	0.000181139	37.6605
0.112157	0.000150949	37.9101
0.112157	0.000125791	38.1069
0.112157	0.000104826	38.2463
0.0934639	0.01	4.2702
0.0934639	0.00833333	3.71494
0.0934639	0.00694444	3.35772
0.0934639	0.00578704	2.84611
0.0934639	0.00482253	2.45553
0.0934639	0.00401878	2.3777
0.0934639	0.00334898	2.32645
0.0934639	0.00279082	2.35524
0.0934639	0.00232568	2.29057
0.0934639	0.00193807	2.70165
0.0934639	0.00161506	2.91651
0.0934639	0.00134588	4.38505
0.0934639	0.00112157	7.18102
0.0934639	0.000934639	11.8518
0.0934639	0.000778866	20.5728
0.0934639	0.000649055	29.0777
0.0934639	0.000540879	31.9217
0.0934639	0.000450732	33.6273
0.0934639	0.00037561	34.858
0.0934639	0.000313009	35.7899
0.0934639	0.000260841	36.5177
0.0934639	0.000217367	37.0536
0.0934639	0.000181139	37.4675
0.0934639	0.000150949	37.7682
0.0934639	0.000125791	37.9983
0.0934639	0.000104826	38.1675
0.0778866	0.01	4.8895
0.0778866	0.00833333	4.34183
0.0778866	0.00694444	3.9113
0.0778866	0.00578704	3.42571
0.0778866	0.00482253	2.60133
0.0778866	0.00401878	2.62667
0.0778866	0.00334898	2.57714
0.0778866	0.00279082	2.55681
0.0778866	0.00232568	2.36349
0.0778866	0.00193807	2.53629
0.0778866	0.00161506	2.75484
0.0778866	0.00134588	2.86899
0.0778866	0.00112157	3.40098
0.0778866	0.000934639	6.28934
0.0778866	0.000778866	10.8317
0.0778866	0.000649055	18.2753
0.0778866	0.000540879	28.5436
0.0778866	0.000450732	32.7028
0.0778866	0.00037561	34.1582
0.0778866	0.000313009	35.2497
0.0778866	0.000260841	36.11
0.0778866	0.000217367	36.7509
0.0778866	0.000181139	37.2346
0.0778866	0.000150949	37.606
0.0778866	0.000125791	37.8668
0.0778866	0.000104826	38.0766
0.0649055	0.01	5.55351
0.0649055	0.00833333	5.1435
0.0649055	0.00694444	4.49571
0.0649055	0.00578704	4.08076
0.0649055	0.00482253	3.37822
0.0649055	0.00401878	2.75301
0.0649055	0.00334898	2.8238
0.0649055	0.00279082	2.70855
0.0649055	0.00232568	2.5969
0.0649055	0.00193807	2.46899
0.0649055	0.00161506	2.55168
0.0649055	0.00134588	2.66192
0.0649055	0.00112157	2.87273
0.0649055	0.000934639	3.37586
0.0649055	0.000778866	5.82171
0.0649055	0.000649055	9.83496
0.0649055	0.000540879	15.4919
0.0649055	0.000450732	24.9827
0.0649055	0.00037561	32.965
0.0649055	0.000313009	34.6517
0.0649055	0.000260841	35.6326
0.0649055	0.000217367	36.3996
0.0649055	0.000181139	36.9689
0.0649055	0.000150949	37.4026
0.0649055	0.000125791	37.7263
0.0649055	0.000104826	37.9633
0.0540879	0.01	6.3322
0.0540879	0.00833333	6.01564
0.0540879	0.00694444	5.18104
0.0540879	0.00578704	4.84774
0.0540879	0.00482253	4.26578
0.0540879	0.00401878	3.06617
0.0540879	0.00334898	2.92772
0.0540879	0.00279082	2.84022
0.0540879	0.00232568	2.67854
0.0540879	0.00193807	2.61554
0.0540879	0.00161506	2.5231
0.0540879	0.00134588	2.63569
0.0540879	0.00112157	2.66273
0.0540879	0.000934639	2.89231
0.0540879	0.000778866	3.32755
0.0540879	0.000649055	5.06668
0.0540879	0.000540879	8.63223
0.0540879	0.000450732	13.4384
0.0540879	0.00037561	21.0745
0.0540879	0.000313009	31.8904
0.0540879	0.000260841	35.0936
0.0540879	0.000217367	35.9821
0.0540879	0.000181139	36.6578
0.0540879	0.000150949	37.1715
0.0540879	0.000125791	37.5543
0.0540879	0.000104826	37.8359
0.0450732	0.01	7.14261
0.0450732	0.00833333	6.86069
0.0450732	0.00694444	6.1382
0.0450732	0.00578704	5.41885
0.0450732	0.00482253	5.15822
0.0450732	0.00401878	4.58276
0.0450732	0.00334898	3.14177
0.0450732	0.00279082	3.07866
0.0450732	0.00232568	2.9803
0.0450732	0.00193807	2.77522
0.0450732	0.00161506	2.6101
0.0450732	0.00134588	2.6024
0.0450732	0.00112157	2.74087
0.0450732	0.000934639	2.69633
0.0450732	0.000778866	2.84857
0.0450732	0.000649055	3.03511
0.0450732	0.000540879	4.08783
0.0450732	0.000450732	6.74431
0.0450732	0.00037561	11.4857
0.0450732	0.000313009	17.3465
0.0450732	0.000260841	26.5773
0.0450732	0.000217367	35.0248
0.0450732	0.000181139	36.2953
0.0450732	0.000150949	36.9008
0.0450732	0.000125791	37.3495
0.0450732	0.000104826	37.691
0.037561	0.01	8.03398
0.037561	0.00833333	7.81867
0.037561	0.00694444	7.26622
0.037561	0.00578704	6.14166
0.037561	0.00482253	5.6923
0.037561	0.00401878	5.39033
0.037561	0.00334898	3.98988
0.037561	0.00279082	3.18931
0.037561	0.00232568	3.21143
0.037561	0.00193807	3.02238
0.037561	0.00161506	2.8831
0.037561	0.00134588	2.60634
0.037561	0.00112157	2.57904
0.037561	0.000934639	2.74729
0.037561	0.000778866	2.81393
0.037561	0.000649055	2.79152
0.037561	0.000540879	2.96168
0.037561	0.000450732	3.93327
0.037561	0.00037561	5.77791
0.037561	0.000313009	9.11284
0.037561	0.000260841	14.3221
0.037561	0.000217367	22.1149
0.037561	0.000181139	33.0951
0.037561	0.000150949	36.5774
0.037561	0.000125791	37.1254
0.037561	0.000104826	37.5136
0.0313009	0.01	8.9971
0.0313009	0.00833333	8.76976
0.0313009	0.00694444	8.34897
0.0313009	0.00578704	7.26888
0.0313009	0.00482253	6.38651
0.0313009	0.00401878	6.17634
0.0313009	0.00334898	5.67144
0.0313009	0.00279082	3.95499
0.0313009	0.00232568	3.55891
0.0313009	0.00193807	3.4332
0.0313009	0.00161506	3.17805
0.0313009	0.00134588	3.09497
0.0313009	0.00112157	2.61562
0.0313009	0.000934639	2.61794
0.0313009	0.000778866	2.48466
0.0313009	0.000649055	2.66772
0.0313009	0.000540879	2.75929
0.0313009	0.000450732	2.84493
0.0313009	0.00037561	3.58145
0.0313009	0.000313009	4.80874
0.0313009	0.000260841	7.16116
0.0313009	0.000217367	11.3412
0.0313009	0.000181139	17.6048
0.0313009	0.000150949	26.6347
0.0313009	0.000125791	36.1098
0.0313009	0.000104826	37.3104
0.0260841	0.01	10.2008
0.0260841	0.00833333	9.83355
0.0260841	0.00694444	9.66223
0.0260841	0.00578704	8.89812
0.0260841	0.00482253	7.31767
0.0260841	0.00401878	6.85208
0.0260841	0.00334898	6.50182
0.0260841	0.00279082	5.03762
0.0260841	0.00232568	4.22201
0.0260841	0.00193807	3.5908
0.0260841	0.00161506	3.57549
0.0260841	0.00134588	3.2509
0.0260841	0.00112157	3.03829
0.0260841	0.000934639	2.81515
0.0260841	0.000778866	2.63346
0.0260841	0.000649055	2.55706
0.0260841	0.000540879	2.79906
0.0260841	0.000450732	2.72022
0.0260841	0.00037561	2.75405
0.0260841	0.000313009	3.23028
0.0260841	0.000260841	4.26447
0.0260841	0.000217367	5.9552
0.0260841	0.000181139	9.08258
0.0260841	0.000150949	14.487
0.0260841	0.000125791	20.9252
0.0260841	0.000104826	31.5322
0.0217367	0.01	11.4449
0.0217367	0.00833333	10.9158
0.0217367	0.00694444	10.6777
0.0217367	0.00578704	10.5124
0.0217367	0.00482253	8.97213
0.0217367	0.00401878	7.52333
0.0217367	0.00334898	7.36115
0.0217367	0.00279082	6.71516
0.0217367	0.00232568	5.30875
0.0217367	0.00193807	4.31446
0.0217367	0.00161506	4.17214
0.0217367	0.00134588	3.72871
0.0217367	0.00112157	3.34514
0.0217367	0.000934639	3.18692
0.0217367	0.000778866	2.95124
0.0217367	0.000649055	2.59043
0.0217367	0.000540879	2.61858
0.0217367	0.000450732	2.70052
0.0217367	0.00037561	2.64265
0.0217367	0.000313009	2.63849
0.0217367	0.000260841	2.72473
0.0217367	0.000217367	3.71968
0.0217367	0.000181139	4.82326
0.0217367	0.000150949	6.872
0.0217367	0.000125791	10.5147
0.0217367	0.000104826	16.3099
0.0181139	0.01	13.0703
0.0181139	0.00833333	12.1643
0.0181139	0.00694444	11.7966
0.0181139	0.00578704	11.5804
0.0181139	0.00482253	11.4232
0.0181139	0.00401878	8.70303
0.0181139	0.00334898	8.04292
0.0181139	0.00279082	7.89566
0.0181139	0.00232568	5.65995
0.0181139	0.00193807	5.67672
0.0181139	0.00161506	4.55986
0.0181139	0.00134588	4.57445
0.0181139	0.00112157	3.99776
0.0181139	0.000934639	3.70693
0.0181139	0.000778866	3.50838
0.0181139	0.000649055	3.05003
0.0181139	0.000540879	2.71753
0.0181139	0.000450732	2.60674
0.0181139	0.00037561	2.57888
0.0181139	0.000313009	2.49469
0.0181139	0.000260841	2.46032
0.0181139	0.000217367	2.75787
0.0181139	0.000181139	3.22356
0.0181139	0.000150949	4.33589
0.0181139	0.000125791	5.55463
0.0181139	0.000104826	8.07564
0.0150949	0.01	16.0898
0.0150949	0.00833333	14.7182
0.0150949	0.00694444	13.9308
0.0150949	0.00578704	13.4926
0.0150949	0.00482253	13.2605
0.0150949	0.00401878	13.0934
0.0150949	0.00334898	8.7639
0.0150949	0.00279082	8.48205
0.0150949	0.00232568	8.34966
0.0150949	0.00193807	6.53336
0.0150949	0.00161506	6.54798
0.0150949	0.00134588	5.38304
0.0150949	0.00112157	5.39441
0.0150949	0.000934639	4.42622
0.0150949	0.000778866	4.11846
0.0150949	0.000649055	4.00419
0.0150949	0.000540879	3.12168
0.0150949	0.000450732	2.97213
0.0150949	0.00037561	2.5739
0.0150949	0.000313009	2.57286
0.0150949	0.000260841	2.46706
0.0150949	0.000217367	2.53393
0.0150949	0.000181139	2.46914
0.0150949	0.000150949	2.50313
0.0150949	0.000125791	3.46443
0.0150949	0.000104826	4.87133
0.0125791	0.01	20.2535
0.0125791	0.00833333	18.6412
0.0125791	0.00694444	18.0722
0.0125791	0.00578704	17.7148
0.0125791	0.00482253	17.4337
0.0125791	0.00401878	16.9956
0.0125791	0.00334898	13.5811
0.0125791	0.00279082	9.59917
0.0125791	0.00232568	9.36105
0.0125791	0.00193807	6.72661
0.0125791	0.00161506	6.74527
0.0125791	0.00134588	6.75497
0.0125791	0.00112157	5.45641
0.0125791	0.000934639	5.25879
0.0125791	0.000778866	5.13885
0.0125791	0.000649055	3.85596
0.0125791	0.000540879	3.56005
0.0125791	0.000450732	3.26378
0.0125791	0.00037561	3.14238
0.0125791	0.000313009	2.86896
0.0125791	0.000260841	2.76952
0.0125791	0.000217367	2.45887
0.0125791	0.000181139	2.5083
0.0125791	0.000150949	2.41981
0.0125791	0.000125791	2.59621
0.0125791	0.000104826	3.06313
0.0104826	0.01	24.6466
0.0104826	0.00833333	24.3817
0.0104826	0.00694444	23.3011
0.0104826	0.00578704	21.1118
0.0104826	0.00482253	17.9761
0.0104826	0.00401878	17.4401
0.0104826	0.00334898	17.2159
0.0104826	0.00279082	11.5058
0.0104826	0.00232568	10.9488
0.0104826	0.00193807	10.7177
0.0104826	0.00161506	8.2603
0.0104826	0.00134588	8.27247
0.0104826	0.00112157	6.75096
0.0104826	0.000934639	5.01132
0.0104826	0.000778866	5.07473
0.0104826	0.000649055	5.07801
0.0104826	0.000540879	4.64936
0.0104826	0.000450732	4.19286
0.0104826	0.00037561	3.77192
0.0104826	0.000313009	3.0173
0.0104826	0.000260841	2.89493
0.0104826	0.000217367	2.54097
0.0104826	0.000181139	2.40183
0.0104826	0.000150949	2.62066
0.0104826	0.000125791	2.6512
0.0104826	0.000104826	2.35526
