1	0.01	128.221
1	0.00833333	130.509
1	0.00694444	132.166
1	0.00578704	133.369
1	0.00482253	134.247
1	0.00401878	134.887
1	0.00334898	135.356
1	0.00279082	135.698
1	0.00232568	135.948
1	0.00193807	136.13
1	0.00161506	136.263
1	0.00134588	136.36
1	0.00112157	136.43
1	0.000934639	136.481
1	0.000778866	136.518
1	0.000649055	136.545
1	0.000540879	136.564
1	0.000450732	136.578
1	0.00037561	136.588
1	0.000313009	136.595
1	0.000260841	136.6
1	0.000217367	136.604
1	0.000181139	136.606
1	0.000150949	136.608
1	0.000125791	136.61
1	0.000104826	136.611
0.833333	0.01	126.167
0.833333	0.00833333	129.075
0.833333	0.00694444	131.159
0.833333	0.00578704	132.655
0.833333	0.00482253	133.736
0.833333	0.00401878	134.52
0.833333	0.00334898	135.092
0.833333	0.00279082	135.508
0.833333	0.00232568	135.811
0.833333	0.00193807	136.031
0.833333	0.00161506	136.192
0.833333	0.00134588	136.308
0.833333	0.00112157	136.393
0.833333	0.000934639	136.455
0.833333	0.000778866	136.499
0.833333	0.000649055	136.531
0.833333	0.000540879	136.554
0.833333	0.000450732	136.571
0.833333	0.00037561	136.583
0.833333	0.000313009	136.592
0.833333	0.000260841	136.598
0.833333	0.000217367	136.602
0.833333	0.000181139	136.605
0.833333	0.000150949	136.607
0.833333	0.000125791	136.609
0.833333	0.000104826	136.61
0.694444	0.01	123.473
0.694444	0.00833333	127.22
0.694444	0.00694444	129.877
0.694444	0.00578704	131.76
0.694444	0.00482253	133.103
0.694444	0.00401878	134.069
0.694444	0.00334898	134.768
0.694444	0.00279082	135.276
0.694444	0.00232568	135.644
0.694444	0.00193807	135.911
0.694444	0.00161506	136.105
0.694444	0.00134588	136.246
0.694444	0.00112157	136.349
0.694444	0.000934639	136.423
0.694444	0.000778866	136.476
0.694444	0.000649055	136.515
0.694444	0.000540879	136.543
0.694444	0.000450732	136.563
0.694444	0.00037561	136.577
0.694444	0.000313009	136.587
0.694444	0.000260841	136.595
0.694444	0.000217367	136.6
0.694444	0.000181139	136.604
0.694444	0.000150949	136.606
0.694444	0.000125791	136.608
0.694444	0.000104826	136.61
0.578704	0.01	119.902
0.578704	0.00833333	124.781
0.578704	0.00694444	128.215
0.578704	0.00578704	130.622
0.578704	0.00482253	132.311
0.578704	0.00401878	133.511
0.578704	0.00334898	134.371
0.578704	0.00279082	134.992
0.578704	0.00232568	135.441
0.578704	0.00193807	135.765
0.578704	0.00161506	136.001
0.578704	0.00134588	136.171
0.578704	0.00112157	136.295
0.578704	0.000934639	136.384
0.578704	0.000778866	136.449
0.578704	0.000649055	136.495
0.578704	0.000540879	136.529
0.578704	0.000450732	136.553
0.578704	0.00037561	136.57
0.578704	0.000313009	136.582
0.578704	0.000260841	136.591
0.578704	0.000217367	136.597
0.578704	0.000181139	136.602
0.578704	0.000150949	136.605
0.578704	0.000125791	136.607
0.578704	0.000104826	136.609
0.482253	0.01	115.198
0.482253	0.00833333	121.53
0.482253	0.00694444	126.026
0.482253	0.00578704	129.143
0.482253	0.00482253	131.305
0.482253	0.00401878	132.812
0.482253	0.00334898	133.879
0.482253	0.00279082	134.643
0.482253	0.00232568	135.192
0.482253	0.00193807	135.588
0.482253	0.00161506	135.874
0.482253	0.00134588	136.08
0.482253	0.00112157	136.229
0.482253	0.000934639	136.337
0.482253	0.000778866	136.415
0.482253	0.000649055	136.472
0.482253	0.000540879	136.512
0.482253	0.000450732	136.541
0.482253	0.00037561	136.562
0.482253	0.000313009	136.576
0.482253	0.000260841	136.587
0.482253	0.000217367	136.594
0.482253	0.000181139	136.6
0.482253	0.000150949	136.604
0.482253	0.000125791	136.606
0.482253	0.000104826	136.608
0.401878	0.01	109.043
0.401878	0.00833333	117.219
0.401878	0.00694444	123.098
0.401878	0.00578704	127.191
0.401878	0.00482253	130
0.401878	0.00401878	131.926
0.401878	0.00334898	133.264
0.401878	0.00279082	134.211
0.401878	0.00232568	134.887
0.401878	0.00193807	135.371
0.401878	0.00161506	135.719
0.401878	0.00134588	135.97
0.401878	0.00112157	136.15
0.401878	0.000934639	136.281
0.401878	0.000778866	136.375
0.401878	0.000649055	136.443
0.401878	0.000540879	136.492
0.401878	0.000450732	136.526
0.401878	0.00037561	136.551
0.401878	0.000313009	136.569
0.401878	0.000260841	136.582
0.401878	0.000217367	136.591
0.401878	0.000181139	136.597
0.401878	0.000150949	136.602
0.401878	0.000125791	136.605
0.401878	0.000104826	136.607
0.334898	0.01	100.993
0.334898	0.00833333	111.62
0.334898	0.00694444	119.189
0.334898	0.00578704	124.586
0.334898	0.00482253	128.271
0.334898	0.00401878	130.781
0.334898	0.00334898	132.485
0.334898	0.00279082	133.671
0.334898	0.00232568	134.509
0.334898	0.00193807	135.105
0.334898	0.00161506	135.531
0.334898	0.00134588	135.835
0.334898	0.00112157	136.054
0.334898	0.000934639	136.212
0.334898	0.000778866	136.326
0.334898	0.000649055	136.408
0.334898	0.000540879	136.467
0.334898	0.000450732	136.509
0.334898	0.00037561	136.539
0.334898	0.000313009	136.56
0.334898	0.000260841	136.576
0.334898	0.000217367	136.586
0.334898	0.000181139	136.594
0.334898	0.000150949	136.6
0.334898	0.000125791	136.603
0.334898	0.000104826	136.606
0.279082	0.01	91.0577
0.279082	0.00833333	104.371
0.279082	0.00694444	114.096
0.279082	0.00578704	121.084
0.279082	0.00482253	125.97
0.279082	0.00401878	129.265
0.279082	0.00334898	131.484
0.279082	0.00279082	132.987
0.279082	0.00232568	134.037
0.279082	0.00193807	134.775
0.279082	0.00161506	135.3
0.279082	0.00134588	135.672
0.279082	0.00112157	135.938
0.279082	0.000934639	136.129
0.279082	0.000778866	136.267
0.279082	0.000649055	136.366
0.279082	0.000540879	136.437
0.279082	0.000450732	136.488
0.279082	0.00037561	136.524
0.279082	0.000313009	136.55
0.279082	0.000260841	136.568
0.279082	0.000217367	136.581
0.279082	0.000181139	136.59
0.279082	0.000150949	136.597
0.279082	0.000125791	136.602
0.279082	0.000104826	136.605
0.232568	0.01	79.5161
0.232568	0.00833333	95.2054
0.232568	0.00694444	107.609
0.232568	0.00578704	116.489
0.232568	0.00482253	122.878
0.232568	0.00401878	127.24
0.232568	0.00334898	130.169
0.232568	0.00279082	132.111
0.232568	0.00232568	133.437
0.232568	0.00193807	134.363
0.232568	0.00161506	135.013
0.232568	0.00134588	135.473
0.232568	0.00112157	135.796
0.232568	0.000934639	136.028
0.232568	0.000778866	136.195
0.232568	0.000649055	136.315
0.232568	0.000540879	136.401
0.232568	0.000450732	136.463
0.232568	0.00037561	136.507
0.232568	0.000313009	136.538
0.232568	0.000260841	136.559
0.232568	0.000217367	136.575
0.232568	0.000181139	136.586
0.232568	0.000150949	136.594
0.232568	0.000125791	136.599
0.232568	0.000104826	136.603
0.193807	0.01	67.1986
0.193807	0.00833333	84.3288
0.193807	0.00694444	99.3713
0.193807	0.00578704	110.642
0.193807	0.00482253	118.783
0.193807	0.00401878	124.542
0.193807	0.00334898	128.402
0.193807	0.00279082	130.974
0.193807	0.00232568	132.67
0.193807	0.00193807	133.84
0.193807	0.00161506	134.655
0.193807	0.00134588	135.225
0.193807	0.00112157	135.626
0.193807	0.000934639	135.906
0.193807	0.000778866	136.108
0.193807	0.000649055	136.253
0.193807	0.000540879	136.358
0.193807	0.000450732	136.432
0.193807	0.00037561	136.485
0.193807	0.000313009	136.523
0.193807	0.000260841	136.549
0.193807	0.000217367	136.568
0.193807	0.000181139	136.581
0.193807	0.000150949	136.59
0.193807	0.000125791	136.597
0.193807	0.000104826	136.602
0.161506	0.01	54.4518
0.161506	0.00833333	72.3396
0.161506	0.00694444	89.3056
0.161506	0.00578704	103.357
0.161506	0.00482253	113.518
0.161506	0.00401878	120.944
0.161506	0.00334898	126.055
0.161506	0.00279082	129.454
0.161506	0.00232568	131.683
0.161506	0.00193807	133.169
0.161506	0.00161506	134.2
0.161506	0.00134588	134.915
0.161506	0.00112157	135.413
0.161506	0.000934639	135.759
0.161506	0.000778866	136.002
0.161506	0.000649055	136.177
0.161506	0.000540879	136.304
0.161506	0.000450732	136.395
0.161506	0.00037561	136.46
0.161506	0.000313009	136.505
0.161506	0.000260841	136.536
0.161506	0.000217367	136.559
0.161506	0.000181139	136.574
0.161506	0.000150949	136.586
0.161506	0.000125791	136.594
0.161506	0.000104826	136.599
0.134588	0.01	42.5153
0.134588	0.00833333	59.7788
0.134588	0.00694444	77.5054
0.134588	0.00578704	94.286
0.134588	0.00482253	107.02
0.134588	0.00401878	116.272
0.134588	0.00334898	122.941
0.134588	0.00279082	127.421
0.134588	0.00232568	130.39
0.134588	0.00193807	132.31
0.134588	0.00161506	133.614
0.134588	0.00134588	134.521
0.134588	0.00112157	135.144
0.134588	0.000934639	135.579
0.134588	0.000778866	135.874
0.134588	0.000649055	136.086
0.134588	0.000540879	136.239
0.134588	0.000450732	136.35
0.134588	0.00037561	136.429
0.134588	0.000313009	136.484
0.134588	0.000260841	136.522
0.134588	0.000217367	136.548
0.134588	0.000181139	136.567
0.134588	0.000150949	136.58
0.134588	0.000125791	136.59
0.134588	0.000104826	136.597
0.112157	0.01	32.057
0.112157	0.00833333	46.7527
0.112157	0.00694444	64.3444
0.112157	0.00578704	81.6187
0.112157	0.00482253	99.0371
0.112157	0.00401878	110.411
0.112157	0.00334898	118.852
0.112157	0.00279082	124.744
0.112157	0.00232568	128.649
0.112157	0.00193807	131.206
0.112157	0.00161506	132.867
0.112157	0.00134588	134.012
0.112157	0.00112157	134.807
0.112157	0.000934639	135.347
0.112157	0.000778866	135.724
0.112157	0.000649055	135.975
0.112157	0.000540879	136.16
0.112157	0.000450732	136.293
0.112157	0.00037561	136.39
0.112157	0.000313009	136.458
0.112157	0.000260841	136.505
0.112157	0.000217367	136.536
0.112157	0.000181139	136.558
0.112157	0.000150949	136.574
0.112157	0.000125791	136.585
0.112157	0.000104826	136.594
0.0934639	0.01	24.1105
0.0934639	0.00833333	33.9791
0.0934639	0.00694444	49.8569
0.0934639	0.00578704	69.3509
0.0934639	0.00482253	86.3358
0.0934639	0.00401878	102.197
0.0934639	0.00334898	113.646
0.0934639	0.00279082	121.231
0.0934639	0.00232568	126.35
0.0934639	0.00193807	129.736
0.0934639	0.00161506	131.914
0.0934639	0.00134588	133.364
0.0934639	0.00112157	134.367
0.0934639	0.000934639	135.059
0.0934639	0.000778866	135.525
0.0934639	0.000649055	135.846
0.0934639	0.000540879	136.065
0.0934639	0.000450732	136.224
0.0934639	0.00037561	136.341
0.0934639	0.000313009	136.425
0.0934639	0.000260841	136.484
0.0934639	0.000217367	136.523
0.0934639	0.000181139	136.548
0.0934639	0.000150949	136.567
0.0934639	0.000125791	136.58
0.0934639	0.000104826	136.59
0.0778866	0.01	18.3321
0.0778866	0.00833333	23.4647
0.0778866	0.00694444	32.8993
0.0778866	0.00578704	50.5495
0.0778866	0.00482253	72.9251
0.0778866	0.00401878	90.9433
0.0778866	0.00334898	105.64
0.0778866	0.00279082	116.669
0.0778866	0.00232568	123.37
0.0778866	0.00193807	127.782
0.0778866	0.00161506	130.683
0.0778866	0.00134588	132.54
0.0778866	0.00112157	133.804
0.0778866	0.000934639	134.683
0.0778866	0.000778866	135.281
0.0778866	0.000649055	135.683
0.0778866	0.000540879	135.951
0.0778866	0.000450732	136.143
0.0778866	0.00037561	136.281
0.0778866	0.000313009	136.384
0.0778866	0.000260841	136.457
0.0778866	0.000217367	136.506
0.0778866	0.000181139	136.538
0.0778866	0.000150949	136.558
0.0778866	0.000125791	136.574
0.0778866	0.000104826	136.585
0.0649055	0.01	13.8084
0.0649055	0.00833333	15.8797
0.0649055	0.00694444	21.4292
0.0649055	0.00578704	28.5234
0.0649055	0.00482253	39.2693
0.0649055	0.00401878	64.8406
0.0649055	0.00334898	90.2408
0.0649055	0.00279082	105.796
0.0649055	0.00232568	119.459
0.0649055	0.00193807	125.231
0.0649055	0.00161506	129.037
0.0649055	0.00134588	131.492
0.0649055	0.00112157	133.1
0.0649055	0.000934639	134.196
0.0649055	0.000778866	134.963
0.0649055	0.000649055	135.471
0.0649055	0.000540879	135.822
0.0649055	0.000450732	136.045
0.0649055	0.00037561	136.21
0.0649055	0.000313009	136.331
0.0649055	0.000260841	136.421
0.0649055	0.000217367	136.485
0.0649055	0.000181139	136.525
0.0649055	0.000150949	136.55
0.0649055	0.000125791	136.567
0.0649055	0.000104826	136.58
0.0540879	0.01	12.7575
0.0540879	0.00833333	11.8816
0.0540879	0.00694444	13.8521
0.0540879	0.00578704	18.4284
0.0540879	0.00482253	26.6378
0.0540879	0.00401878	38.4326
0.0540879	0.00334898	59.476
0.0540879	0.00279082	90.3441
0.0540879	0.00232568	107.125
0.0540879	0.00193807	120.11
0.0540879	0.00161506	126.88
0.0540879	0.00134588	130.132
0.0540879	0.00112157	132.194
0.0540879	0.000934639	133.595
0.0540879	0.000778866	134.544
0.0540879	0.000649055	135.208
0.0540879	0.000540879	135.639
0.0540879	0.000450732	135.932
0.0540879	0.00037561	136.127
0.0540879	0.000313009	136.268
0.0540879	0.000260841	136.376
0.0540879	0.000217367	136.455
0.0540879	0.000181139	136.509
0.0540879	0.000150949	136.541
0.0540879	0.000125791	136.56
0.0540879	0.000104826	136.574
0.0450732	0.01	14.0107
0.0450732	0.00833333	11.8905
0.0450732	0.00694444	11.3779
0.0450732	0.00578704	13.8975
0.0450732	0.00482253	17.3128
0.0450732	0.00401878	25.6914
0.0450732	0.00334898	36.2601
0.0450732	0.00279082	56.6534
0.0450732	0.00232568	87.4731
0.0450732	0.00193807	103.764
0.0450732	0.00161506	117.89
0.0450732	0.00134588	128.324
0.0450732	0.00112157	131.064
0.0450732	0.000934639	132.823
0.0450732	0.000778866	134.028
0.0450732	0.000649055	134.855
0.0450732	0.000540879	135.419
0.0450732	0.000450732	135.793
0.0450732	0.00037561	136.031
0.0450732	0.000313009	136.198
0.0450732	0.000260841	136.32
0.0450732	0.000217367	136.416
0.0450732	0.000181139	136.485
0.0450732	0.000150949	136.529
0.0450732	0.000125791	136.554
0.0450732	0.000104826	136.568
0.037561	0.01	15.9967
0.037561	0.00833333	12.2169
0.037561	0.00694444	10.5558
0.037561	0.00578704	10.3932
0.037561	0.00482253	12.494
0.037561	0.00401878	16.0707
0.037561	0.00334898	24.8481
0.037561	0.00279082	33.8355
0.037561	0.00232568	49.9784
0.037561	0.00193807	76.5012
0.037561	0.00161506	105.595
0.037561	0.00134588	117.82
0.037561	0.00112157	128.924
0.037561	0.000934639	131.85
0.037561	0.000778866	133.385
0.037561	0.000649055	134.405
0.037561	0.000540879	135.127
0.037561	0.000450732	135.595
0.037561	0.00037561	135.921
0.037561	0.000313009	136.118
0.037561	0.000260841	136.259
0.037561	0.000217367	136.367
0.037561	0.000181139	136.452
0.037561	0.000150949	136.51
0.037561	0.000125791	136.546
0.037561	0.000104826	136.564
0.0313009	0.01	17.9825
0.0313009	0.00833333	13.3654
0.0313009	0.00694444	11.3661
0.0313009	0.00578704	9.62114
0.0313009	0.00482253	9.95115
0.0313009	0.00401878	11.5635
0.0313009	0.00334898	15.0184
0.0313009	0.00279082	21.357
0.0313009	0.00232568	30.7351
0.0313009	0.00193807	44.546
0.0313009	0.00161506	66.6228
0.0313009	0.00134588	98.5708
0.0313009	0.00112157	115.472
0.0313009	0.000934639	126.446
0.0313009	0.000778866	132.549
0.0313009	0.000649055	133.875
0.0313009	0.000540879	134.744
0.0313009	0.000450732	135.363
0.0313009	0.00037561	135.757
0.0313009	0.000313009	136.023
0.0313009	0.000260841	136.191
0.0313009	0.000217367	136.31
0.0313009	0.000181139	136.409
0.0313009	0.000150949	136.483
0.0313009	0.000125791	136.532
0.0313009	0.000104826	136.559
0.0260841	0.01	20.5867
0.0260841	0.00833333	16.2367
0.0260841	0.00694444	12.9616
0.0260841	0.00578704	10.4137
0.0260841	0.00482253	9.39672
0.0260841	0.00401878	9.96346
0.0260841	0.00334898	11.8874
0.0260841	0.00279082	15.2938
0.0260841	0.00232568	20.9527
0.0260841	0.00193807	28.8218
0.0260841	0.00161506	39.8575
0.0260841	0.00134588	59.9329
0.0260841	0.00112157	90.5297
0.0260841	0.000934639	113.381
0.0260841	0.000778866	124.195
0.0260841	0.000649055	133.048
0.0260841	0.000540879	134.283
0.0260841	0.000450732	135.047
0.0260841	0.00037561	135.552
0.0260841	0.000313009	135.904
0.0260841	0.000260841	136.115
0.0260841	0.000217367	136.253
0.0260841	0.000181139	136.358
0.0260841	0.000150949	136.447
0.0260841	0.000125791	136.51
0.0260841	0.000104826	136.55
0.0217367	0.01	23.2912
0.0217367	0.00833333	19.583
0.0217367	0.00694444	14.4527
0.0217367	0.00578704	13.0643
0.0217367	0.00482253	9.82801
0.0217367	0.00401878	9.2145
0.0217367	0.00334898	9.4624
0.0217367	0.00279082	10.8605
0.0217367	0.00232568	14.9452
0.0217367	0.00193807	19.8946
0.0217367	0.00161506	26.7663
0.0217367	0.00134588	36.0702
0.0217367	0.00112157	52.8184
0.0217367	0.000934639	79.4175
0.0217367	0.000778866	111.167
0.0217367	0.000649055	123.142
0.0217367	0.000540879	131.449
0.0217367	0.000450732	134.641
0.0217367	0.00037561	135.306
0.0217367	0.000313009	135.719
0.0217367	0.000260841	136.015
0.0217367	0.000217367	136.19
0.0217367	0.000181139	136.306
0.0217367	0.000150949	136.402
0.0217367	0.000125791	136.48
0.0217367	0.000104826	136.533
0.0181139	0.01	25.616
0.0181139	0.00833333	23.2571
0.0181139	0.00694444	17.2686
0.0181139	0.00578704	14.6203
0.0181139	0.00482253	12.4454
0.0181139	0.00401878	9.13157
0.0181139	0.00334898	8.35899
0.0181139	0.00279082	9.63064
0.0181139	0.00232568	10.348
0.0181139	0.00193807	14.2614
0.0181139	0.00161506	18.6025
0.0181139	0.00134588	26.3641
0.0181139	0.00112157	33.4112
0.0181139	0.000934639	46.7841
0.0181139	0.000778866	68.4586
0.0181139	0.000649055	96.7393
0.0181139	0.000540879	119.496
0.0181139	0.000450732	128.022
0.0181139	0.00037561	134.969
0.0181139	0.000313009	135.517
0.0181139	0.000260841	135.878
0.0181139	0.000217367	136.116
0.0181139	0.000181139	136.251
0.0181139	0.000150949	136.35
0.0181139	0.000125791	136.442
0.0181139	0.000104826	136.508
0.0150949	0.01	28.9084
0.0150949	0.00833333	26.8579
0.0150949	0.00694444	21.6631
0.0150949	0.00578704	15.7909
0.0150949	0.00482253	15.0944
0.0150949	0.00401878	11.289
0.0150949	0.00334898	8.77048
0.0150949	0.00279082	8.25193
0.0150949	0.00232568	9.77361
0.0150949	0.00193807	10.5015
0.0150949	0.00161506	13.04
0.0150949	0.00134588	17.1313
0.0150949	0.00112157	23.7548
0.0150949	0.000934639	31.1969
0.0150949	0.000778866	41.5174
0.0150949	0.000649055	58.4775
0.0150949	0.000540879	85.3768
0.0150949	0.000450732	114.073
0.0150949	0.00037561	125.041
0.0150949	0.000313009	132.322
0.0150949	0.000260841	135.683
0.0150949	0.000217367	136
0.0150949	0.000181139	136.192
0.0150949	0.000150949	136.305
0.0150949	0.000125791	136.396
0.0150949	0.000104826	136.476
0.0125791	0.01	32.4494
0.0125791	0.00833333	30.7848
0.0125791	0.00694444	27.1344
0.0125791	0.00578704	20.5499
0.0125791	0.00482253	16.1749
0.0125791	0.00401878	14.841
0.0125791	0.00334898	9.88768
0.0125791	0.00279082	7.94466
0.0125791	0.00232568	8.17398
0.0125791	0.00193807	9.11276
0.0125791	0.00161506	10.3853
0.0125791	0.00134588	11.5363
0.0125791	0.00112157	14.6205
0.0125791	0.000934639	20.8677
0.0125791	0.000778866	27.8932
0.0125791	0.000649055	37.5161
0.0125791	0.000540879	49.7989
0.0125791	0.000450732	70.6738
0.0125791	0.00037561	99.706
0.0125791	0.000313009	120.939
0.0125791	0.000260841	128.809
0.0125791	0.000217367	135.744
0.0125791	0.000181139	136.11
0.0125791	0.000150949	136.253
0.0125791	0.000125791	136.347
0.0125791	0.000104826	136.437
0.0104826	0.01	36.0086
0.0104826	0.00833333	34.3591
0.0104826	0.00694444	32.5807
0.0104826	0.00578704	25.3589
0.0104826	0.00482253	19.9807
0.0104826	0.00401878	17.301
0.0104826	0.00334898	14.6875
0.0104826	0.00279082	9.97235
0.0104826	0.00232568	8.98802
0.0104826	0.00193807	9.19567
0.0104826	0.00161506	9.64425
0.0104826	0.00134588	10.8479
0.0104826	0.00112157	11.5228
0.0104826	0.000934639	13.751
0.0104826	0.000778866	19.089
0.0104826	0.000649055	24.6958
0.0104826	0.000540879	33.3124
0.0104826	0.000450732	43.6338
0.0104826	0.00037561	60.3047
0.0104826	0.000313009	82.3219
0.0104826	0.000260841	112.666
0.0104826	0.000217367	125.637
0.0104826	0.000181139	132.406
0.0104826	0.000150949	136.197
0.0104826	0.000125791	136.303
0.0104826	0.000104826	136.39
