1	0.1	106.011
1	0.0833333	142.95
1	0.0694444	181.263
1	0.0578704	217.025
1	0.0482253	250.053
1	0.0401878	278.782
1	0.0334898	302.206
1	0.0279082	320.807
1	0.0232568	335.463
1	0.0193807	346.911
1	0.0161506	355.716
1	0.0134588	362.472
1	0.0112157	367.684
1	0.00934639	371.701
1	0.00778866	374.798
1	0.00649055	377.164
1	0.00540879	378.967
1	0.00450732	380.345
1	0.0037561	381.401
1	0.00313009	382.212
1	0.00260841	382.833
1	0.00217367	383.305
1	0.00181139	383.663
1	0.00150949	383.934
1	0.00125791	384.139
1	0.00104826	384.294
1	0.00087355	384.412
1	0.000727958	384.501
1	0.000606632	384.57
1	0.000505526	384.622
1	0.000421272	384.661
1	0.00035106	384.691
1	0.00029255	384.714
1	0.000243792	384.732
1	0.00020316	384.745
1	0.0001693	384.755
1	0.000141083	384.762
1	0.000117569	384.768
0.833333	0.1	72.9124
0.833333	0.0833333	102.84
0.833333	0.0694444	143.457
0.833333	0.0578704	183.661
0.833333	0.0482253	220.396
0.833333	0.0401878	254.351
0.833333	0.0334898	283.058
0.833333	0.0279082	306.052
0.833333	0.0232568	324.142
0.833333	0.0193807	338.308
0.833333	0.0161506	349.269
0.833333	0.0134588	357.593
0.833333	0.0112157	363.961
0.833333	0.00934639	368.862
0.833333	0.00778866	372.636
0.833333	0.00649055	375.536
0.833333	0.00540879	377.738
0.833333	0.00450732	379.412
0.833333	0.0037561	380.689
0.833333	0.00313009	381.669
0.833333	0.00260841	382.422
0.833333	0.00217367	382.997
0.833333	0.00181139	383.432
0.833333	0.00150949	383.76
0.833333	0.00125791	384.008
0.833333	0.00104826	384.195
0.833333	0.00087355	384.337
0.833333	0.000727958	384.444
0.833333	0.000606632	384.526
0.833333	0.000505526	384.588
0.833333	0.000421272	384.636
0.833333	0.00035106	384.672
0.833333	0.00029255	384.7
0.833333	0.000243792	384.721
0.833333	0.00020316	384.737
0.833333	0.0001693	384.748
0.833333	0.000141083	384.757
0.833333	0.000117569	384.764
0.694444	0.1	54.4336
0.694444	0.0833333	67.7707
0.694444	0.0694444	102.911
0.694444	0.0578704	146.578
0.694444	0.0482253	187.866
0.694444	0.0401878	225.267
0.694444	0.0334898	259.697
0.694444	0.0279082	287.911
0.694444	0.0232568	310.183
0.694444	0.0193807	327.643
0.694444	0.0161506	341.226
0.694444	0.0134588	351.612
0.694444	0.0112157	359.423
0.694444	0.00934639	365.404
0.694444	0.00778866	369.994
0.694444	0.00649055	373.532
0.694444	0.00540879	376.235
0.694444	0.00450732	378.278
0.694444	0.0037561	379.828
0.694444	0.00313009	381.011
0.694444	0.00260841	381.921
0.694444	0.00217367	382.619
0.694444	0.00181139	383.151
0.694444	0.00150949	383.55
0.694444	0.00125791	383.85
0.694444	0.00104826	384.076
0.694444	0.00087355	384.246
0.694444	0.000727958	384.376
0.694444	0.000606632	384.473
0.694444	0.000505526	384.548
0.694444	0.000421272	384.605
0.694444	0.00035106	384.649
0.694444	0.00029255	384.682
0.694444	0.000243792	384.708
0.694444	0.00020316	384.727
0.694444	0.0001693	384.741
0.694444	0.000141083	384.752
0.694444	0.000117569	384.76
0.578704	0.1	45.4813
0.578704	0.0833333	48.9505
0.578704	0.0694444	65.912
0.578704	0.0578704	106.316
0.578704	0.0482253	152.088
0.578704	0.0401878	193.664
0.578704	0.0334898	231.721
0.578704	0.0279082	265.874
0.578704	0.0232568	293.191
0.578704	0.0193807	314.535
0.578704	0.0161506	331.274
0.578704	0.0134588	344.186
0.578704	0.0112157	353.907
0.578704	0.00934639	361.199
0.578704	0.00778866	366.796
0.578704	0.00649055	371.083
0.578704	0.00540879	374.389
0.578704	0.00450732	376.895
0.578704	0.0037561	378.785
0.578704	0.00313009	380.217
0.578704	0.00260841	381.312
0.578704	0.00217367	382.157
0.578704	0.00181139	382.805
0.578704	0.00150949	383.294
0.578704	0.00125791	383.659
0.578704	0.00104826	383.932
0.578704	0.00087355	384.137
0.578704	0.000727958	384.293
0.578704	0.000606632	384.411
0.578704	0.000505526	384.5
0.578704	0.000421272	384.568
0.578704	0.00035106	384.621
0.578704	0.00029255	384.661
0.578704	0.000243792	384.691
0.578704	0.00020316	384.715
0.578704	0.0001693	384.732
0.578704	0.000141083	384.745
0.578704	0.000117569	384.755
0.482253	0.1	40.016
0.482253	0.0833333	41.3969
0.482253	0.0694444	44.7728
0.482253	0.0578704	67.5302
0.482253	0.0482253	112.76
0.482253	0.0401878	159.639
0.482253	0.0334898	200.887
0.482253	0.0279082	239.612
0.482253	0.0232568	272.7
0.482253	0.0193807	298.727
0.482253	0.0161506	319.083
0.482253	0.0134588	334.968
0.482253	0.0112157	347.135
0.482253	0.00934639	356.134
0.482253	0.00778866	362.923
0.482253	0.00649055	368.133
0.482253	0.00540879	372.13
0.482253	0.00450732	375.205
0.482253	0.0037561	377.517
0.482253	0.00313009	379.261
0.482253	0.00260841	380.579
0.482253	0.00217367	381.596
0.482253	0.00181139	382.38
0.482253	0.00150949	382.979
0.482253	0.00125791	383.426
0.482253	0.00104826	383.759
0.482253	0.00087355	384.007
0.482253	0.000727958	384.194
0.482253	0.000606632	384.336
0.482253	0.000505526	384.443
0.482253	0.000421272	384.524
0.482253	0.00035106	384.587
0.482253	0.00029255	384.635
0.482253	0.000243792	384.672
0.482253	0.00020316	384.7
0.482253	0.0001693	384.721
0.482253	0.000141083	384.737
0.482253	0.000117569	384.749
0.401878	0.1	36.5477
0.401878	0.0833333	36.997
0.401878	0.0694444	38.2405
0.401878	0.0578704	41.9449
0.401878	0.0482253	73.5729
0.401878	0.0401878	121.743
0.401878	0.0334898	168.852
0.401878	0.0279082	209.727
0.401878	0.0232568	248.431
0.401878	0.0193807	279.929
0.401878	0.0161506	304.391
0.401878	0.0134588	323.789
0.401878	0.0112157	338.69
0.401878	0.00934639	349.99
0.401878	0.00778866	358.286
0.401878	0.00649055	364.589
0.401878	0.00540879	369.421
0.401878	0.00450732	373.135
0.401878	0.0037561	375.979
0.401878	0.00313009	378.104
0.401878	0.00260841	379.706
0.401878	0.00217367	380.919
0.401878	0.00181139	381.864
0.401878	0.00150949	382.59
0.401878	0.00125791	383.141
0.401878	0.00104826	383.549
0.401878	0.00087355	383.85
0.401878	0.000727958	384.075
0.401878	0.000606632	384.246
0.401878	0.000505526	384.375
0.401878	0.000421272	384.472
0.401878	0.00035106	384.546
0.401878	0.00029255	384.604
0.401878	0.000243792	384.648
0.401878	0.00020316	384.682
0.401878	0.0001693	384.708
0.401878	0.000141083	384.727
0.401878	0.000117569	384.742
0.334898	0.1	34.2494
0.334898	0.0833333	34.3653
0.334898	0.0694444	34.8291
0.334898	0.0578704	35.8211
0.334898	0.0482253	40.0264
0.334898	0.0401878	77.9491
0.334898	0.0334898	132.204
0.334898	0.0279082	179.315
0.334898	0.0232568	220.286
0.334898	0.0193807	257.813
0.334898	0.0161506	287.272
0.334898	0.0134588	310.202
0.334898	0.0112157	328.51
0.334898	0.00934639	342.425
0.334898	0.00778866	352.714
0.334898	0.00649055	360.365
0.334898	0.00540879	366.192
0.334898	0.00450732	370.666
0.334898	0.0037561	374.099
0.334898	0.00313009	376.709
0.334898	0.00260841	378.658
0.334898	0.00217367	380.122
0.334898	0.00181139	381.242
0.334898	0.00150949	382.119
0.334898	0.00125791	382.79
0.334898	0.00104826	383.292
0.334898	0.00087355	383.661
0.334898	0.000727958	383.933
0.334898	0.000606632	384.138
0.334898	0.000505526	384.294
0.334898	0.000421272	384.411
0.334898	0.00035106	384.498
0.334898	0.00029255	384.566
0.334898	0.000243792	384.62
0.334898	0.00020316	384.66
0.334898	0.0001693	384.691
0.334898	0.000141083	384.715
0.334898	0.000117569	384.732
0.279082	0.1	32.7348
0.279082	0.0833333	32.7571
0.279082	0.0694444	32.7938
0.279082	0.0578704	33.3516
0.279082	0.0482253	34.0873
0.279082	0.0401878	38.0801
0.279082	0.0334898	80.7858
0.279082	0.0279082	143.877
0.279082	0.0232568	190.727
0.279082	0.0193807	231.966
0.279082	0.0161506	267.42
0.279082	0.0134588	294.544
0.279082	0.0112157	316.229
0.279082	0.00934639	333.124
0.279082	0.00778866	346.029
0.279082	0.00649055	355.326
0.279082	0.00540879	362.364
0.279082	0.00450732	367.728
0.279082	0.0037561	371.85
0.279082	0.00313009	375.024
0.279082	0.00260841	377.397
0.279082	0.00217367	379.178
0.279082	0.00181139	380.512
0.279082	0.00150949	381.551
0.279082	0.00125791	382.362
0.279082	0.00104826	382.978
0.279082	0.00087355	383.432
0.279082	0.000727958	383.764
0.279082	0.000606632	384.009
0.279082	0.000505526	384.195
0.279082	0.000421272	384.338
0.279082	0.00035106	384.443
0.279082	0.00029255	384.522
0.279082	0.000243792	384.586
0.279082	0.00020316	384.634
0.279082	0.0001693	384.671
0.279082	0.000141083	384.699
0.279082	0.000117569	384.721
0.232568	0.1	31.8217
0.232568	0.0833333	31.8003
0.232568	0.0694444	31.7721
0.232568	0.0578704	31.798
0.232568	0.0482253	32.3245
0.232568	0.0401878	33.2243
0.232568	0.0334898	37.467
0.232568	0.0279082	76.5083
0.232568	0.0232568	153.389
0.232568	0.0193807	202.535
0.232568	0.0161506	244.246
0.232568	0.0134588	276.705
0.232568	0.0112157	301.735
0.232568	0.00934639	322.266
0.232568	0.00778866	337.737
0.232568	0.00649055	349.387
0.232568	0.00540879	357.863
0.232568	0.00450732	364.27
0.232568	0.0037561	369.224
0.232568	0.00313009	372.983
0.232568	0.00260841	375.894
0.232568	0.00217367	378.044
0.232568	0.00181139	379.666
0.232568	0.00150949	380.883
0.232568	0.00125791	381.848
0.232568	0.00104826	382.593
0.232568	0.00087355	383.153
0.232568	0.000727958	383.561
0.232568	0.000606632	383.859
0.232568	0.000505526	384.079
0.232568	0.000421272	384.249
0.232568	0.00035106	384.378
0.232568	0.00029255	384.472
0.232568	0.000243792	384.545
0.232568	0.00020316	384.603
0.232568	0.0001693	384.647
0.232568	0.000141083	384.681
0.232568	0.000117569	384.707
0.193807	0.1	31.3978
0.193807	0.0833333	31.3555
0.193807	0.0694444	31.302
0.193807	0.0578704	31.2324
0.193807	0.0482253	31.5164
0.193807	0.0401878	31.6321
0.193807	0.0334898	32.5033
0.193807	0.0279082	36.7868
0.193807	0.0232568	57.4124
0.193807	0.0193807	155.782
0.193807	0.0161506	214.933
0.193807	0.0134588	256.248
0.193807	0.0112157	285.551
0.193807	0.00934639	309.126
0.193807	0.00778866	327.921
0.193807	0.00649055	342.216
0.193807	0.00540879	352.496
0.193807	0.00450732	360.258
0.193807	0.0037561	366.094
0.193807	0.00313009	370.635
0.193807	0.00260841	374.082
0.193807	0.00217367	376.707
0.193807	0.00181139	378.655
0.193807	0.00150949	380.12
0.193807	0.00125791	381.24
0.193807	0.00104826	382.133
0.193807	0.00087355	382.812
0.193807	0.000727958	383.315
0.193807	0.000606632	383.679
0.193807	0.000505526	383.946
0.193807	0.000421272	384.144
0.193807	0.00035106	384.299
0.193807	0.00029255	384.415
0.193807	0.000243792	384.499
0.193807	0.00020316	384.566
0.193807	0.0001693	384.62
0.193807	0.000141083	384.659
0.193807	0.000117569	384.691
0.161506	0.1	31.3894
0.161506	0.0833333	31.3379
0.161506	0.0694444	31.2739
0.161506	0.0578704	31.1931
0.161506	0.0482253	31.0887
0.161506	0.0401878	31.595
0.161506	0.0334898	31.1333
0.161506	0.0279082	32.912
0.161506	0.0232568	37.0192
0.161506	0.0193807	51.1581
0.161506	0.0161506	140.543
0.161506	0.0134588	220.1
0.161506	0.0112157	266.073
0.161506	0.00934639	294.203
0.161506	0.00778866	316.571
0.161506	0.00649055	333.4
0.161506	0.00540879	346.3
0.161506	0.00450732	355.504
0.161506	0.0037561	362.499
0.161506	0.00313009	367.865
0.161506	0.00260841	371.946
0.161506	0.00217367	375.127
0.161506	0.00181139	377.465
0.161506	0.00150949	379.235
0.161506	0.00125791	380.544
0.161506	0.00104826	381.58
0.161506	0.00087355	382.404
0.161506	0.000727958	383.017
0.161506	0.000606632	383.462
0.161506	0.000505526	383.788
0.161506	0.000421272	384.024
0.161506	0.00035106	384.204
0.161506	0.00029255	384.346
0.161506	0.000243792	384.448
0.161506	0.00020316	384.524
0.161506	0.0001693	384.587
0.161506	0.000141083	384.635
0.161506	0.000117569	384.671
0.134588	0.1	31.7475
0.134588	0.0833333	31.693
0.134588	0.0694444	31.6259
0.134588	0.0578704	31.5425
0.134588	0.0482253	31.4373
0.134588	0.0401878	31.3013
0.134588	0.0334898	31.8918
0.134588	0.0279082	30.948
0.134588	0.0232568	33.1218
0.134588	0.0193807	37.6921
0.134588	0.0161506	51.6468
0.134588	0.0134588	123.076
0.134588	0.0112157	223.522
0.134588	0.00934639	273.773
0.134588	0.00778866	303.042
0.134588	0.00649055	323.426
0.134588	0.00540879	338.754
0.134588	0.00450732	349.936
0.134588	0.0037561	358.366
0.134588	0.00313009	364.62
0.134588	0.00260841	369.539
0.134588	0.00217367	373.222
0.134588	0.00181139	376.072
0.134588	0.00150949	378.175
0.134588	0.00125791	379.77
0.134588	0.00104826	380.955
0.134588	0.00087355	381.911
0.134588	0.000727958	382.657
0.134588	0.000606632	383.204
0.134588	0.000505526	383.598
0.134588	0.000421272	383.888
0.134588	0.00035106	384.097
0.134588	0.00029255	384.261
0.134588	0.000243792	384.388
0.134588	0.00020316	384.478
0.134588	0.0001693	384.547
0.134588	0.000141083	384.606
0.134588	0.000117569	384.649
0.112157	0.1	32.4397
0.112157	0.0833333	32.3855
0.112157	0.0694444	32.3191
0.112157	0.0578704	32.2374
0.112157	0.0482253	32.1358
0.112157	0.0401878	32.008
0.112157	0.0334898	31.8431
0.112157	0.0279082	32.4654
0.112157	0.0232568	31.1134
0.112157	0.0193807	32.1686
0.112157	0.0161506	38.0482
0.112157	0.0134588	49.6426
0.112157	0.0112157	101.103
0.112157	0.00934639	213.975
0.112157	0.00778866	279.362
0.112157	0.00649055	310.488
0.112157	0.00540879	329.772
0.112157	0.00450732	343.534
0.112157	0.0037561	353.407
0.112157	0.00313009	360.965
0.112157	0.00260841	366.643
0.112157	0.00217367	371.037
0.112157	0.00181139	374.433
0.112157	0.00150949	376.953
0.112157	0.00125791	378.852
0.112157	0.00104826	380.252
0.112157	0.00087355	381.337
0.112157	0.000727958	382.232
0.112157	0.000606632	382.894
0.112157	0.000505526	383.372
0.112157	0.000421272	383.723
0.112157	0.00035106	383.979
0.112157	0.00029255	384.164
0.112157	0.000243792	384.314
0.112157	0.00020316	384.426
0.112157	0.0001693	384.506
0.112157	0.000141083	384.571
0.112157	0.000117569	384.623
0.0934639	0.1	33.4462
0.0934639	0.0833333	33.3938
0.0934639	0.0694444	33.3301
0.0934639	0.0578704	33.252
0.0934639	0.0482253	33.1559
0.0934639	0.0401878	33.0367
0.0934639	0.0334898	32.8868
0.0934639	0.0279082	32.6936
0.0934639	0.0232568	32.7809
0.0934639	0.0193807	31.5277
0.0934639	0.0161506	31.3692
0.0934639	0.0134588	37.5006
0.0934639	0.0112157	45.4728
0.0934639	0.00934639	73.8337
0.0934639	0.00778866	176.188
0.0934639	0.00649055	266.868
0.0934639	0.00540879	314.16
0.0934639	0.00450732	335.779
0.0934639	0.0037561	347.711
0.0934639	0.00313009	356.709
0.0934639	0.00260841	363.351
0.0934639	0.00217367	368.562
0.0934639	0.00181139	372.48
0.0934639	0.00150949	375.504
0.0934639	0.00125791	377.768
0.0934639	0.00104826	379.469
0.0934639	0.00087355	380.708
0.0934639	0.000727958	381.714
0.0934639	0.000606632	382.523
0.0934639	0.000505526	383.107
0.0934639	0.000421272	383.524
0.0934639	0.00035106	383.838
0.0934639	0.00029255	384.06
0.0934639	0.000243792	384.227
0.0934639	0.00020316	384.364
0.0934639	0.0001693	384.461
0.0934639	0.000141083	384.531
0.0934639	0.000117569	384.593
0.0778866	0.1	34.7565
0.0778866	0.0833333	34.7068
0.0778866	0.0694444	34.6464
0.0778866	0.0578704	34.5729
0.0778866	0.0482253	34.4829
0.0778866	0.0401878	34.3723
0.0778866	0.0334898	34.235
0.0778866	0.0279082	34.0627
0.0778866	0.0232568	33.8411
0.0778866	0.0193807	33.4841
0.0778866	0.0161506	32.0719
0.0778866	0.0134588	31.5084
0.0778866	0.0112157	35.3516
0.0778866	0.00934639	44.046
0.0778866	0.00778866	63.5931
0.0778866	0.00649055	139.015
0.0778866	0.00540879	253.682
0.0778866	0.00450732	315.515
0.0778866	0.0037561	340.791
0.0778866	0.00313009	351.68
0.0778866	0.00260841	359.622
0.0778866	0.00217367	365.565
0.0778866	0.00181139	370.265
0.0778866	0.00150949	373.823
0.0778866	0.00125791	376.499
0.0778866	0.00104826	378.524
0.0778866	0.00087355	380.018
0.0778866	0.000727958	381.129
0.0778866	0.000606632	382.077
0.0778866	0.000505526	382.791
0.0778866	0.000421272	383.294
0.0778866	0.00035106	383.666
0.0778866	0.00029255	383.941
0.0778866	0.000243792	384.133
0.0778866	0.00020316	384.287
0.0778866	0.0001693	384.408
0.0778866	0.000141083	384.492
0.0778866	0.000117569	384.557
0.0649055	0.1	36.3678
0.0649055	0.0833333	36.3211
0.0649055	0.0694444	36.2645
0.0649055	0.0578704	36.1957
0.0649055	0.0482253	36.112
0.0649055	0.0401878	36.0096
0.0649055	0.0334898	35.8837
0.0649055	0.0279082	35.7275
0.0649055	0.0232568	35.5317
0.0649055	0.0193807	35.2801
0.0649055	0.0161506	34.7325
0.0649055	0.0134588	31.8463
0.0649055	0.0112157	30.6863
0.0649055	0.00934639	32.5209
0.0649055	0.00778866	41.3136
0.0649055	0.00649055	55.3613
0.0649055	0.00540879	103.161
0.0649055	0.00450732	215.648
0.0649055	0.0037561	296.095
0.0649055	0.00313009	340.469
0.0649055	0.00260841	355.263
0.0649055	0.00217367	362.261
0.0649055	0.00181139	367.708
0.0649055	0.00150949	371.854
0.0649055	0.00125791	375.008
0.0649055	0.00104826	377.416
0.0649055	0.00087355	379.22
0.0649055	0.000727958	380.507
0.0649055	0.000606632	381.553
0.0649055	0.000505526	382.408
0.0649055	0.000421272	383.025
0.0649055	0.00035106	383.462
0.0649055	0.00029255	383.793
0.0649055	0.000243792	384.031
0.0649055	0.00020316	384.201
0.0649055	0.0001693	384.342
0.0649055	0.000141083	384.447
0.0649055	0.000117569	384.519
0.0540879	0.1	38.2838
0.0540879	0.0833333	38.24
0.0540879	0.0694444	38.1874
0.0540879	0.0578704	38.1234
0.0540879	0.0482253	38.0456
0.0540879	0.0401878	37.951
0.0540879	0.0334898	37.8352
0.0540879	0.0279082	37.6929
0.0540879	0.0232568	37.5166
0.0540879	0.0193807	37.2955
0.0540879	0.0161506	37.0119
0.0540879	0.0134588	35.3575
0.0540879	0.0112157	31.937
0.0540879	0.00934639	30.5644
0.0540879	0.00778866	33.2524
0.0540879	0.00649055	39.2509
0.0540879	0.00540879	50.3949
0.0540879	0.00450732	79.549
0.0540879	0.0037561	170.53
0.0540879	0.00313009	277.892
0.0540879	0.00260841	338.516
0.0540879	0.00217367	358.164
0.0540879	0.00181139	364.681
0.0540879	0.00150949	369.619
0.0540879	0.00125791	373.323
0.0540879	0.00104826	376.086
0.0540879	0.00087355	378.24
0.0540879	0.000727958	379.822
0.0540879	0.000606632	380.971
0.0540879	0.000505526	381.943
0.0540879	0.000421272	382.706
0.0540879	0.00035106	383.23
0.0540879	0.00029255	383.617
0.0540879	0.000243792	383.908
0.0540879	0.00020316	384.11
0.0540879	0.0001693	384.264
0.0540879	0.000141083	384.392
0.0540879	0.000117569	384.481
0.0450732	0.1	40.5136
0.0450732	0.0833333	40.4729
0.0450732	0.0694444	40.4236
0.0450732	0.0578704	40.3644
0.0450732	0.0482253	40.2924
0.0450732	0.0401878	40.2049
0.0450732	0.0334898	40.0985
0.0450732	0.0279082	39.9683
0.0450732	0.0232568	39.8083
0.0450732	0.0193807	39.61
0.0450732	0.0161506	39.3615
0.0450732	0.0134588	39.043
0.0450732	0.0112157	35.9763
0.0450732	0.00934639	31.5551
0.0450732	0.00778866	28.3052
0.0450732	0.00649055	31.2241
0.0450732	0.00540879	37.515
0.0450732	0.00450732	46.3656
0.0450732	0.0037561	63.6643
0.0450732	0.00313009	129.619
0.0450732	0.00260841	239.241
0.0450732	0.00217367	317.375
0.0450732	0.00181139	356.269
0.0450732	0.00150949	366.991
0.0450732	0.00125791	371.37
0.0450732	0.00104826	374.599
0.0450732	0.00087355	377.104
0.0450732	0.000727958	379.017
0.0450732	0.000606632	380.357
0.0450732	0.000505526	381.423
0.0450732	0.000421272	382.306
0.0450732	0.00035106	382.959
0.0450732	0.00029255	383.413
0.0450732	0.000243792	383.755
0.0450732	0.00020316	384.008
0.0450732	0.0001693	384.181
0.0450732	0.000141083	384.325
0.0450732	0.000117569	384.436
0.037561	0.1	43.0709
0.037561	0.0833333	43.033
0.037561	0.0694444	42.9873
0.037561	0.0578704	42.9322
0.037561	0.0482253	42.8658
0.037561	0.0401878	42.7851
0.037561	0.0334898	42.687
0.037561	0.0279082	42.5678
0.037561	0.0232568	42.4218
0.037561	0.0193807	42.2424
0.037561	0.0161506	42.0202
0.037561	0.0134588	41.7417
0.037561	0.0112157	41.3847
0.037561	0.00934639	37.2141
0.037561	0.00778866	30.0447
0.037561	0.00649055	29.5536
0.037561	0.00540879	30.4845
0.037561	0.00450732	36.6365
0.037561	0.0037561	43.9908
0.037561	0.00313009	58.3603
0.037561	0.00260841	98.2315
0.037561	0.00217367	183.535
0.037561	0.00181139	291.335
0.037561	0.00150949	350.692
0.037561	0.00125791	368.682
0.037561	0.00104826	372.915
0.037561	0.00087355	375.754
0.037561	0.000727958	377.997
0.037561	0.000606632	379.67
0.037561	0.000505526	380.858
0.037561	0.000421272	381.837
0.037561	0.00035106	382.629
0.037561	0.00029255	383.179
0.037561	0.000243792	383.577
0.037561	0.00020316	383.88
0.037561	0.0001693	384.092
0.037561	0.000141083	384.246
0.037561	0.000117569	384.378
0.0313009	0.1	45.9733
0.0313009	0.0833333	45.9382
0.0313009	0.0694444	45.8959
0.0313009	0.0578704	45.8449
0.0313009	0.0482253	45.7836
0.0313009	0.0401878	45.7091
0.0313009	0.0334898	45.6189
0.0313009	0.0279082	45.5093
0.0313009	0.0232568	45.3761
0.0313009	0.0193807	45.2129
0.0313009	0.0161506	45.0124
0.0313009	0.0134588	44.7639
0.0313009	0.0112157	44.4526
0.0313009	0.00934639	44.0523
0.0313009	0.00778866	38.414
0.0313009	0.00649055	30.1295
0.0313009	0.00540879	29.7761
0.0313009	0.00450732	28.5206
0.0313009	0.0037561	32.5527
0.0313009	0.00313009	39.1968
0.0313009	0.00260841	47.1188
0.0313009	0.00217367	71.9625
0.0313009	0.00181139	141.193
0.0313009	0.00150949	244.852
0.0313009	0.00125791	329.202
0.0313009	0.00104826	363.932
0.0313009	0.00087355	374.281
0.0313009	0.000727958	376.846
0.0313009	0.000606632	378.843
0.0313009	0.000505526	380.229
0.0313009	0.000421272	381.336
0.0313009	0.00035106	382.219
0.0313009	0.00029255	382.908
0.0313009	0.000243792	383.372
0.0313009	0.00020316	383.725
0.0313009	0.0001693	383.988
0.0313009	0.000141083	384.167
0.0313009	0.000117569	384.31
0.0260841	0.1	49.2418
0.0260841	0.0833333	49.2094
0.0260841	0.0694444	49.1703
0.0260841	0.0578704	49.1233
0.0260841	0.0482253	49.0665
0.0260841	0.0401878	48.9982
0.0260841	0.0334898	48.9153
0.0260841	0.0279082	48.8148
0.0260841	0.0232568	48.6927
0.0260841	0.0193807	48.5443
0.0260841	0.0161506	48.3624
0.0260841	0.0134588	48.1389
0.0260841	0.0112157	47.8619
0.0260841	0.00934639	47.5147
0.0260841	0.00778866	47.0093
0.0260841	0.00649055	37.7031
0.0260841	0.00540879	30.5595
0.0260841	0.00450732	30.2061
0.0260841	0.0037561	27.9675
0.0260841	0.00313009	29.5972
0.0260841	0.00260841	34.6798
0.0260841	0.00217367	44.0469
0.0260841	0.00181139	59.085
0.0260841	0.00150949	110.202
0.0260841	0.00125791	188.837
0.0260841	0.00104826	296.85
0.0260841	0.00087355	354.141
0.0260841	0.000727958	375.084
0.0260841	0.000606632	377.797
0.0260841	0.000505526	379.55
0.0260841	0.000421272	380.797
0.0260841	0.00035106	381.757
0.0260841	0.00029255	382.56
0.0260841	0.000243792	383.137
0.0260841	0.00020316	383.547
0.0260841	0.0001693	383.854
0.0260841	0.000141083	384.078
0.0260841	0.000117569	384.234
0.0217367	0.1	52.9002
0.0217367	0.0833333	52.8703
0.0217367	0.0694444	52.8344
0.0217367	0.0578704	52.7911
0.0217367	0.0482253	52.7389
0.0217367	0.0401878	52.6758
0.0217367	0.0334898	52.6001
0.0217367	0.0279082	52.5081
0.0217367	0.0232568	52.3966
0.0217367	0.0193807	52.261
0.0217367	0.0161506	52.0962
0.0217367	0.0134588	51.8942
0.0217367	0.0112157	51.6459
0.0217367	0.00934639	51.3381
0.0217367	0.00778866	50.952
0.0217367	0.00649055	49.0887
0.0217367	0.00540879	34.2731
0.0217367	0.00450732	33.5885
0.0217367	0.0037561	31.5905
0.0217367	0.00313009	28.9224
0.0217367	0.00260841	29.9115
0.0217367	0.00217367	32.5864
0.0217367	0.00181139	34.7492
0.0217367	0.00150949	50.2229
0.0217367	0.00125791	81.1512
0.0217367	0.00104826	147.174
0.0217367	0.00087355	242.303
0.0217367	0.000727958	328.687
0.0217367	0.000606632	368.224
0.0217367	0.000505526	378.694
0.0217367	0.000421272	380.108
0.0217367	0.00035106	381.261
0.0217367	0.00029255	382.146
0.0217367	0.000243792	382.864
0.0217367	0.00020316	383.34
0.0217367	0.0001693	383.698
0.0217367	0.000141083	383.97
0.0217367	0.000117569	384.155
0.0181139	0.1	56.9741
0.0181139	0.0833333	56.9467
0.0181139	0.0694444	56.9137
0.0181139	0.0578704	56.874
0.0181139	0.0482253	56.8262
0.0181139	0.0401878	56.7685
0.0181139	0.0334898	56.6989
0.0181139	0.0279082	56.6153
0.0181139	0.0232568	56.5136
0.0181139	0.0193807	56.3904
0.0181139	0.0161506	56.2406
0.0181139	0.0134588	56.0583
0.0181139	0.0112157	55.8349
0.0181139	0.00934639	55.5602
0.0181139	0.00778866	55.2193
0.0181139	0.00649055	54.7916
0.0181139	0.00540879	51.3524
0.0181139	0.00450732	35.423
0.0181139	0.0037561	34.5456
0.0181139	0.00313009	33.9484
0.0181139	0.00260841	29.6974
0.0181139	0.00217367	29.7211
0.0181139	0.00181139	31.7163
0.0181139	0.00150949	31.0841
0.0181139	0.00125791	44.2949
0.0181139	0.00104826	60.7736
0.0181139	0.00087355	111.364
0.0181139	0.000727958	184.638
0.0181139	0.000606632	289.665
0.0181139	0.000505526	348.65
0.0181139	0.000421272	374.79
0.0181139	0.00035106	380.734
0.0181139	0.00029255	381.689
0.0181139	0.000243792	382.501
0.0181139	0.00020316	383.107
0.0181139	0.0001693	383.522
0.0181139	0.000141083	383.833
0.0181139	0.000117569	384.066
0.0150949	0.1	61.4904
0.0150949	0.0833333	61.4654
0.0150949	0.0694444	61.4353
0.0150949	0.0578704	61.3991
0.0150949	0.0482253	61.3555
0.0150949	0.0401878	61.303
0.0150949	0.0334898	61.2396
0.0150949	0.0279082	61.1631
0.0150949	0.0232568	61.0711
0.0150949	0.0193807	60.9594
0.0150949	0.0161506	60.8239
0.0150949	0.0134588	60.6591
0.0150949	0.0112157	60.4587
0.0150949	0.00934639	60.2127
0.0150949	0.00778866	59.9102
0.0150949	0.00649055	59.5346
0.0150949	0.00540879	59.0631
0.0150949	0.00450732	45.9527
0.0150949	0.0037561	36.3883
0.0150949	0.00313009	35.6316
0.0150949	0.00260841	35.0411
0.0150949	0.00217367	30.3787
0.0150949	0.00181139	29.9701
0.0150949	0.00150949	26.0421
0.0150949	0.00125791	30.372
0.0150949	0.00104826	35.6248
0.0150949	0.00087355	50.2346
0.0150949	0.000727958	78.9873
0.0150949	0.000606632	131.867
0.0150949	0.000505526	216.122
0.0150949	0.000421272	310.178
0.0150949	0.00035106	362.556
0.0150949	0.00029255	381.2
0.0150949	0.000243792	382.09
0.0150949	0.00020316	382.826
0.0150949	0.0001693	383.312
0.0150949	0.000141083	383.677
0.0150949	0.000117569	383.954
0.0125791	0.1	66.4762
0.0125791	0.0833333	66.4535
0.0125791	0.0694444	66.4261
0.0125791	0.0578704	66.3933
0.0125791	0.0482253	66.3538
0.0125791	0.0401878	66.3062
0.0125791	0.0334898	66.2488
0.0125791	0.0279082	66.1796
0.0125791	0.0232568	66.096
0.0125791	0.0193807	65.9956
0.0125791	0.0161506	65.8735
0.0125791	0.0134588	65.7255
0.0125791	0.0112157	65.5453
0.0125791	0.00934639	65.3261
0.0125791	0.00778866	65.0571
0.0125791	0.00649055	64.7259
0.0125791	0.00540879	64.3146
0.0125791	0.00450732	63.7979
0.0125791	0.0037561	40.1785
0.0125791	0.00313009	38.7631
0.0125791	0.00260841	38.0361
0.0125791	0.00217367	37.4844
0.0125791	0.00181139	32.3898
0.0125791	0.00150949	31.1623
0.0125791	0.00125791	26.9883
0.0125791	0.00104826	29.3498
0.0125791	0.00087355	32.5229
0.0125791	0.000727958	40.8056
0.0125791	0.000606632	60.8518
0.0125791	0.000505526	100.115
0.0125791	0.000421272	154.056
0.0125791	0.00035106	250.44
0.0125791	0.00029255	333.649
0.0125791	0.000243792	376.366
0.0125791	0.00020316	382.455
0.0125791	0.0001693	383.084
0.0125791	0.000141083	383.5
0.0125791	0.000117569	383.816
0.0104826	0.1	71.9571
0.0104826	0.0833333	71.9366
0.0104826	0.0694444	71.912
0.0104826	0.0578704	71.8824
0.0104826	0.0482253	71.8469
0.0104826	0.0401878	71.804
0.0104826	0.0334898	71.7524
0.0104826	0.0279082	71.6903
0.0104826	0.0232568	71.6152
0.0104826	0.0193807	71.5246
0.0104826	0.0161506	71.4157
0.0104826	0.0134588	71.2834
0.0104826	0.0112157	71.1227
0.0104826	0.00934639	70.9272
0.0104826	0.00778866	70.6893
0.0104826	0.00649055	70.3971
0.0104826	0.00540879	70.0373
0.0104826	0.00450732	69.5901
0.0104826	0.0037561	69.0273
0.0104826	0.00313009	41.2682
0.0104826	0.00260841	39.8098
0.0104826	0.00217367	39.1102
0.0104826	0.00181139	38.534
0.0104826	0.00150949	31.4287
0.0104826	0.00125791	25.9719
0.0104826	0.00104826	27.0922
0.0104826	0.00087355	27.4562
0.0104826	0.000727958	29.1024
0.0104826	0.000606632	31.3732
0.0104826	0.000505526	36.5453
0.0104826	0.000421272	59.8609
0.0104826	0.00035106	108.553
0.0104826	0.00029255	179.512
0.0104826	0.000243792	281.273
0.0104826	0.00020316	347.941
0.0104826	0.0001693	382.755
0.0104826	0.000141083	383.289
0.0104826	0.000117569	383.66
0.0087355	0.1	77.9562
0.0087355	0.0833333	77.9379
0.0087355	0.0694444	77.9159
0.0087355	0.0578704	77.8895
0.0087355	0.0482253	77.8577
0.0087355	0.0401878	77.8195
0.0087355	0.0334898	77.7735
0.0087355	0.0279082	77.718
0.0087355	0.0232568	77.6512
0.0087355	0.0193807	77.5706
0.0087355	0.0161506	77.4732
0.0087355	0.0134588	77.3553
0.0087355	0.0112157	77.2138
0.0087355	0.00934639	77.0411
0.0087355	0.00778866	76.8307
0.0087355	0.00649055	76.5747
0.0087355	0.00540879	76.2601
0.0087355	0.00450732	75.8726
0.0087355	0.0037561	75.3906
0.0087355	0.00313009	72.3971
0.0087355	0.00260841	42.7025
0.0087355	0.00217367	41.2937
0.0087355	0.00181139	40.5915
0.0087355	0.00150949	40.1013
0.0087355	0.00125791	29.6226
0.0087355	0.00104826	24.8034
0.0087355	0.00087355	25.7269
0.0087355	0.000727958	26.582
0.0087355	0.000606632	27.4671
0.0087355	0.000505526	29.2354
0.0087355	0.000421272	31.7418
0.0087355	0.00035106	37.8981
0.0087355	0.00029255	63.8031
0.0087355	0.000243792	116.82
0.0087355	0.00020316	194.34
0.0087355	0.0001693	305.327
0.0087355	0.000141083	361.064
0.0087355	0.000117569	383.473
0.00727958	0.1	84.4913
0.00727958	0.0833333	84.4751
0.00727958	0.0694444	84.4556
0.00727958	0.0578704	84.4322
0.00727958	0.0482253	84.4041
0.00727958	0.0401878	84.3703
0.00727958	0.0334898	84.3297
0.00727958	0.0279082	84.2807
0.00727958	0.0232568	84.2217
0.00727958	0.0193807	84.1507
0.00727958	0.0161506	84.0649
0.00727958	0.0134588	83.9613
0.00727958	0.0112157	83.8358
0.00727958	0.00934639	83.6852
0.00727958	0.00778866	83.5012
0.00727958	0.00649055	83.2773
0.00727958	0.00540879	83.0045
0.00727958	0.00450732	82.6692
0.00727958	0.0037561	82.256
0.00727958	0.00313009	81.7419
0.00727958	0.00260841	67.2892
0.00727958	0.00217367	47.47
0.00727958	0.00181139	46.2736
0.00727958	0.00150949	45.6836
0.00727958	0.00125791	39.3021
0.00727958	0.00104826	35.4708
0.00727958	0.00087355	30.0932
0.00727958	0.000727958	29.4325
0.00727958	0.000606632	29.0331
0.00727958	0.000505526	29.547
0.00727958	0.000421272	31.9275
0.00727958	0.00035106	32.473
0.00727958	0.00029255	35.6553
0.00727958	0.000243792	45.689
0.00727958	0.00020316	75.3646
0.00727958	0.0001693	135.535
0.00727958	0.000141083	220.888
0.00727958	0.000117569	329.731
0.00606632	0.1	91.5718
0.00606632	0.0833333	91.5577
0.00606632	0.0694444	91.5406
0.00606632	0.0578704	91.5202
0.00606632	0.0482253	91.4956
0.00606632	0.0401878	91.4661
0.00606632	0.0334898	91.4305
0.00606632	0.0279082	91.3878
0.00606632	0.0232568	91.3363
0.00606632	0.0193807	91.2743
0.00606632	0.0161506	91.1996
0.00606632	0.0134588	91.1094
0.00606632	0.0112157	91.0003
0.00606632	0.00934639	90.8684
0.00606632	0.00778866	90.7099
0.00606632	0.00649055	90.5164
0.00606632	0.00540879	90.2806
0.00606632	0.00450732	89.9934
0.00606632	0.0037561	89.6403
0.00606632	0.00313009	89.205
0.00606632	0.00260841	88.6632
0.00606632	0.00217367	56.6152
0.00606632	0.00181139	53.2432
0.00606632	0.00150949	50.6268
0.00606632	0.00125791	49.288
0.00606632	0.00104826	41.302
0.00606632	0.00087355	37.5149
0.00606632	0.000727958	37.9218
0.00606632	0.000606632	37.8804
0.00606632	0.000505526	37.4691
0.00606632	0.000421272	37.7254
0.00606632	0.00035106	37.8447
0.00606632	0.00029255	41.8277
0.00606632	0.000243792	41.934
0.00606632	0.00020316	50.8602
0.00606632	0.0001693	64.4468
0.00606632	0.000141083	106.23
0.00606632	0.000117569	170.095
0.00505526	0.1	99.1953
0.00505526	0.0833333	99.1832
0.00505526	0.0694444	99.1685
0.00505526	0.0578704	99.1508
0.00505526	0.0482253	99.1296
0.00505526	0.0401878	99.1041
0.00505526	0.0334898	99.0734
0.00505526	0.0279082	99.0366
0.00505526	0.0232568	98.9922
0.00505526	0.0193807	98.9388
0.00505526	0.0161506	98.8745
0.00505526	0.0134588	98.7969
0.00505526	0.0112157	98.7033
0.00505526	0.00934639	98.5902
0.00505526	0.00778866	98.4532
0.00505526	0.00649055	98.2887
0.00505526	0.00540879	98.0877
0.00505526	0.00450732	97.8429
0.00505526	0.0037561	97.5445
0.00505526	0.00313009	97.1777
0.00505526	0.00260841	96.7253
0.00505526	0.00217367	96.1622
0.00505526	0.00181139	58.2997
0.00505526	0.00150949	53.0051
0.00505526	0.00125791	50.7839
0.00505526	0.00104826	50.5726
0.00505526	0.00087355	38.5806
0.00505526	0.000727958	36.2658
0.00505526	0.000606632	36.212
0.00505526	0.000505526	36.1714
0.00505526	0.000421272	36.0787
0.00505526	0.00035106	34.7093
0.00505526	0.00029255	35.5433
0.00505526	0.000243792	36.951
0.00505526	0.00020316	40.331
0.00505526	0.0001693	45.7469
0.00505526	0.000141083	55.3671
0.00505526	0.000117569	74.811
0.00421272	0.1	107.343
0.00421272	0.0833333	107.332
0.00421272	0.0694444	107.32
0.00421272	0.0578704	107.305
0.00421272	0.0482253	107.287
0.00421272	0.0401878	107.265
0.00421272	0.0334898	107.239
0.00421272	0.0279082	107.208
0.00421272	0.0232568	107.17
0.00421272	0.0193807	107.125
0.00421272	0.0161506	107.07
0.00421272	0.0134588	107.004
0.00421272	0.0112157	106.925
0.00421272	0.00934639	106.829
0.00421272	0.00778866	106.714
0.00421272	0.00649055	106.574
0.00421272	0.00540879	106.406
0.00421272	0.00450732	106.2
0.00421272	0.0037561	105.95
0.00421272	0.00313009	105.644
0.00421272	0.00260841	105.269
0.00421272	0.00217367	104.806
0.00421272	0.00181139	104.23
0.00421272	0.00150949	60.2784
0.00421272	0.00125791	53.9933
0.00421272	0.00104826	52.3314
0.00421272	0.00087355	52.1166
0.00421272	0.000727958	35.3664
0.00421272	0.000606632	35.7918
0.00421272	0.000505526	35.8073
0.00421272	0.000421272	35.7733
0.00421272	0.00035106	35.7463
0.00421272	0.00029255	34.425
0.00421272	0.000243792	34.6255
0.00421272	0.00020316	32.3871
0.00421272	0.0001693	34.4926
0.00421272	0.000141083	34.0466
0.00421272	0.000117569	37.5027
0.0035106	0.1	115.974
0.0035106	0.0833333	115.965
0.0035106	0.0694444	115.955
0.0035106	0.0578704	115.942
0.0035106	0.0482253	115.927
0.0035106	0.0401878	115.909
0.0035106	0.0334898	115.887
0.0035106	0.0279082	115.861
0.0035106	0.0232568	115.829
0.0035106	0.0193807	115.792
0.0035106	0.0161506	115.746
0.0035106	0.0134588	115.691
0.0035106	0.0112157	115.625
0.0035106	0.00934639	115.545
0.0035106	0.00778866	115.449
0.0035106	0.00649055	115.333
0.0035106	0.00540879	115.192
0.0035106	0.00450732	115.023
0.0035106	0.0037561	114.816
0.0035106	0.00313009	114.565
0.0035106	0.00260841	114.258
0.0035106	0.00217367	113.881
0.0035106	0.00181139	113.416
0.0035106	0.00150949	112.836
0.0035106	0.00125791	64.5847
0.0035106	0.00104826	56.3551
0.0035106	0.00087355	56.154
0.0035106	0.000727958	55.9354
0.0035106	0.000606632	37.2034
0.0035106	0.000505526	37.6195
0.0035106	0.000421272	37.6403
0.0035106	0.00035106	37.6096
0.0035106	0.00029255	37.5846
0.0035106	0.000243792	37.2571
0.0035106	0.00020316	34.7464
0.0035106	0.0001693	34.745
0.0035106	0.000141083	33.5174
0.0035106	0.000117569	38.8067
0.0029255	0.1	125.023
0.0029255	0.0833333	125.016
0.0029255	0.0694444	125.007
0.0029255	0.0578704	124.997
0.0029255	0.0482253	124.985
0.0029255	0.0401878	124.97
0.0029255	0.0334898	124.952
0.0029255	0.0279082	124.931
0.0029255	0.0232568	124.905
0.0029255	0.0193807	124.874
0.0029255	0.0161506	124.836
0.0029255	0.0134588	124.791
0.0029255	0.0112157	124.737
0.0029255	0.00934639	124.672
0.0029255	0.00778866	124.594
0.0029255	0.00649055	124.499
0.0029255	0.00540879	124.384
0.0029255	0.00450732	124.245
0.0029255	0.0037561	124.078
0.0029255	0.00313009	123.875
0.0029255	0.00260841	123.627
0.0029255	0.00217367	123.323
0.0029255	0.00181139	122.952
0.0029255	0.00150949	122.493
0.0029255	0.00125791	121.923
0.0029255	0.00104826	67.3483
0.0029255	0.00087355	58.7971
0.0029255	0.000727958	58.6003
0.0029255	0.000606632	58.3821
0.0029255	0.000505526	38.3331
0.0029255	0.000421272	38.2753
0.0029255	0.00035106	38.1153
0.0029255	0.00029255	37.7546
0.0029255	0.000243792	37.7329
0.0029255	0.00020316	37.7144
0.0029255	0.0001693	34.0134
0.0029255	0.000141083	34.0024
0.0029255	0.000117569	34.0409
0.00243792	0.1	134.4
0.00243792	0.0833333	134.394
0.00243792	0.0694444	134.387
0.00243792	0.0578704	134.379
0.00243792	0.0482253	134.369
0.00243792	0.0401878	134.357
0.00243792	0.0334898	134.342
0.00243792	0.0279082	134.325
0.00243792	0.0232568	134.304
0.00243792	0.0193807	134.279
0.00243792	0.0161506	134.249
0.00243792	0.0134588	134.213
0.00243792	0.0112157	134.17
0.00243792	0.00934639	134.118
0.00243792	0.00778866	134.055
0.00243792	0.00649055	133.979
0.00243792	0.00540879	133.887
0.00243792	0.00450732	133.776
0.00243792	0.0037561	133.642
0.00243792	0.00313009	133.48
0.00243792	0.00260841	133.285
0.00243792	0.00217367	133.045
0.00243792	0.00181139	132.752
0.00243792	0.00150949	132.394
0.00243792	0.00125791	131.952
0.00243792	0.00104826	131.402
0.00243792	0.00087355	70.7309
0.00243792	0.000727958	61.1028
0.00243792	0.000606632	60.9113
0.00243792	0.000505526	60.6965
0.00243792	0.000421272	38.6669
0.00243792	0.00035106	38.6192
0.00243792	0.00029255	38.5847
0.00243792	0.000243792	38.4923
0.00243792	0.00020316	38.4738
0.00243792	0.0001693	38.4583
0.00243792	0.000141083	38.4444
0.00243792	0.000117569	33.8734
0.0020316	0.1	143.987
0.0020316	0.0833333	143.983
0.0020316	0.0694444	143.977
0.0020316	0.0578704	143.971
0.0020316	0.0482253	143.963
0.0020316	0.0401878	143.953
0.0020316	0.0334898	143.942
0.0020316	0.0279082	143.928
0.0020316	0.0232568	143.912
0.0020316	0.0193807	143.893
0.0020316	0.0161506	143.869
0.0020316	0.0134588	143.841
0.0020316	0.0112157	143.806
0.0020316	0.00934639	143.765
0.0020316	0.00778866	143.716
0.0020316	0.00649055	143.657
0.0020316	0.00540879	143.585
0.0020316	0.00450732	143.498
0.0020316	0.0037561	143.394
0.0020316	0.00313009	143.267
0.0020316	0.00260841	143.114
0.0020316	0.00217367	142.929
0.0020316	0.00181139	142.703
0.0020316	0.00150949	142.427
0.0020316	0.00125791	142.089
0.0020316	0.00104826	141.672
0.0020316	0.00087355	141.156
0.0020316	0.000727958	79.9582
0.0020316	0.000606632	65.8659
0.0020316	0.000505526	65.6776
0.0020316	0.000421272	65.4644
0.0020316	0.00035106	41.8372
0.0020316	0.00029255	41.7965
0.0020316	0.000243792	41.7669
0.0020316	0.00020316	41.7446
0.0020316	0.0001693	41.7271
0.0020316	0.000141083	41.7124
0.0020316	0.000117569	40.3866
0.001693	0.1	153.65
0.001693	0.0833333	153.647
0.001693	0.0694444	153.642
0.001693	0.0578704	153.637
0.001693	0.0482253	153.631
0.001693	0.0401878	153.624
0.001693	0.0334898	153.615
0.001693	0.0279082	153.605
0.001693	0.0232568	153.592
0.001693	0.0193807	153.577
0.001693	0.0161506	153.559
0.001693	0.0134588	153.537
0.001693	0.0112157	153.511
0.001693	0.00934639	153.48
0.001693	0.00778866	153.442
0.001693	0.00649055	153.396
0.001693	0.00540879	153.341
0.001693	0.00450732	153.275
0.001693	0.0037561	153.195
0.001693	0.00313009	153.099
0.001693	0.00260841	152.982
0.001693	0.00217367	152.841
0.001693	0.00181139	152.671
0.001693	0.00150949	152.462
0.001693	0.00125791	152.208
0.001693	0.00104826	151.896
0.001693	0.00087355	151.514
0.001693	0.000727958	151.039
0.001693	0.000606632	125.066
0.001693	0.000505526	72.6086
0.001693	0.000421272	72.4593
0.001693	0.00035106	72.2904
0.001693	0.00029255	47.7003
0.001693	0.000243792	47.6624
0.001693	0.00020316	47.6338
0.001693	0.0001693	47.611
0.001693	0.000141083	47.5916
0.001693	0.000117569	45.7274
0.00141083	0.1	163.242
0.00141083	0.0833333	163.239
0.00141083	0.0694444	163.236
0.00141083	0.0578704	163.232
0.00141083	0.0482253	163.227
0.00141083	0.0401878	163.222
0.00141083	0.0334898	163.215
0.00141083	0.0279082	163.208
0.00141083	0.0232568	163.198
0.00141083	0.0193807	163.187
0.00141083	0.0161506	163.173
0.00141083	0.0134588	163.157
0.00141083	0.0112157	163.137
0.00141083	0.00934639	163.114
0.00141083	0.00778866	163.085
0.00141083	0.00649055	163.051
0.00141083	0.00540879	163.01
0.00141083	0.00450732	162.961
0.00141083	0.0037561	162.901
0.00141083	0.00313009	162.829
0.00141083	0.00260841	162.742
0.00141083	0.00217367	162.637
0.00141083	0.00181139	162.51
0.00141083	0.00150949	162.356
0.00141083	0.00125791	162.17
0.00141083	0.00104826	161.942
0.00141083	0.00087355	161.662
0.00141083	0.000727958	161.32
0.00141083	0.000606632	160.895
0.00141083	0.000505526	160.365
0.00141083	0.000421272	71.4666
0.00141083	0.00035106	71.3049
0.00141083	0.00029255	71.1192
0.00141083	0.000243792	42.4673
0.00141083	0.00020316	42.4385
0.00141083	0.0001693	42.4175
0.00141083	0.000141083	42.4014
0.00141083	0.000117569	42.3886
0.00117569	0.1	172.614
0.00117569	0.0833333	172.612
0.00117569	0.0694444	172.61
0.00117569	0.0578704	172.607
0.00117569	0.0482253	172.604
0.00117569	0.0401878	172.6
0.00117569	0.0334898	172.595
0.00117569	0.0279082	172.589
0.00117569	0.0232568	172.582
0.00117569	0.0193807	172.574
0.00117569	0.0161506	172.564
0.00117569	0.0134588	172.552
0.00117569	0.0112157	172.538
0.00117569	0.00934639	172.52
0.00117569	0.00778866	172.5
0.00117569	0.00649055	172.475
0.00117569	0.00540879	172.445
0.00117569	0.00450732	172.409
0.00117569	0.0037561	172.365
0.00117569	0.00313009	172.313
0.00117569	0.00260841	172.25
0.00117569	0.00217367	172.174
0.00117569	0.00181139	172.081
0.00117569	0.00150949	171.97
0.00117569	0.00125791	171.834
0.00117569	0.00104826	171.671
0.00117569	0.00087355	171.472
0.00117569	0.000727958	171.227
0.00117569	0.000606632	170.927
0.00117569	0.000505526	170.557
0.00117569	0.000421272	170.097
0.00117569	0.00035106	74.2972
0.00117569	0.00029255	74.1528
0.00117569	0.000243792	73.9865
0.00117569	0.00020316	42.6808
0.00117569	0.0001693	42.6566
0.00117569	0.000141083	42.639
0.00117569	0.000117569	42.6258
