1	1	26.513
1	0.833333	26.4279
1	0.694444	26.3249
1	0.578704	26.1998
1	0.482253	26.0472
1	0.401878	25.8607
1	0.334898	25.6317
1	0.279082	25.3489
1	0.232568	24.9972
1	0.193807	24.556
1	0.161506	23.9967
1	0.134588	23.283
1	0.112157	22.394
1	0.0934639	21.3571
1	0.0778866	20.1959
1	0.0649055	18.9361
1	0.0540879	17.6334
1	0.0450732	16.338
1	0.037561	15.1088
1	0.0313009	14.0379
1	0.0260841	13.1512
1	0.0217367	12.4629
1	0.0181139	11.9773
1	0.0150949	11.6944
1	0.0125791	11.6658
1	0.0104826	11.9809
1	0.0087355	12.7109
1	0.00727958	13.9591
1	0.00606632	15.8402
1	0.00505526	18.2199
1	0.00421272	20.7235
1	0.0035106	22.9896
1	0.0029255	24.8167
1	0.00243792	26.196
1	0.0020316	27.2175
1	0.001693	27.9712
1	0.00141083	28.5255
1	0.00117569	28.9321
0.833333	1	29.0639
0.833333	0.833333	28.9886
0.833333	0.694444	28.8975
0.833333	0.578704	28.7869
0.833333	0.482253	28.6521
0.833333	0.401878	28.4875
0.833333	0.334898	28.2856
0.833333	0.279082	28.0369
0.833333	0.232568	27.7279
0.833333	0.193807	27.3406
0.833333	0.161506	26.8489
0.833333	0.134588	26.2132
0.833333	0.112157	25.3793
0.833333	0.0934639	24.3357
0.833333	0.0778866	23.1415
0.833333	0.0649055	21.8049
0.833333	0.0540879	20.3502
0.833333	0.0450732	18.8312
0.833333	0.037561	17.3028
0.833333	0.0313009	15.8572
0.833333	0.0260841	14.618
0.833333	0.0217367	13.5778
0.833333	0.0181139	12.761
0.833333	0.0150949	12.1562
0.833333	0.0125791	11.7535
0.833333	0.0104826	11.6249
0.833333	0.0087355	11.8864
0.833333	0.00727958	12.6079
0.833333	0.00606632	13.9232
0.833333	0.00505526	15.9662
0.833333	0.00421272	18.5339
0.833333	0.0035106	21.1572
0.833333	0.0029255	23.4496
0.833333	0.00243792	25.227
0.833333	0.0020316	26.5334
0.833333	0.001693	27.4859
0.833333	0.00141083	28.1808
0.833333	0.00117569	28.6867
0.694444	1	31.7615
0.694444	0.833333	31.6957
0.694444	0.694444	31.616
0.694444	0.578704	31.5194
0.694444	0.482253	31.4021
0.694444	0.401878	31.2588
0.694444	0.334898	31.0835
0.694444	0.279082	30.868
0.694444	0.232568	30.601
0.694444	0.193807	30.2677
0.694444	0.161506	29.8466
0.694444	0.134588	29.3044
0.694444	0.112157	28.5845
0.694444	0.0934639	27.6033
0.694444	0.0778866	26.3976
0.694444	0.0649055	25.0453
0.694444	0.0540879	23.5428
0.694444	0.0450732	21.8913
0.694444	0.037561	20.1393
0.694444	0.0313009	18.3521
0.694444	0.0260841	16.6983
0.694444	0.0217367	15.2987
0.694444	0.0181139	14.1022
0.694444	0.0150949	13.1593
0.694444	0.0125791	12.4311
0.694444	0.0104826	11.9019
0.694444	0.0087355	11.6724
0.694444	0.00727958	11.8899
0.694444	0.00606632	12.6123
0.694444	0.00505526	14.02
0.694444	0.00421272	16.2401
0.694444	0.0035106	18.9761
0.694444	0.0029255	21.6806
0.694444	0.00243792	23.9492
0.694444	0.0020316	25.6443
0.694444	0.001693	26.8641
0.694444	0.00141083	27.7431
0.694444	0.00117569	28.3783
0.578704	1	34.5699
0.578704	0.833333	34.5129
0.578704	0.694444	34.4439
0.578704	0.578704	34.3603
0.578704	0.482253	34.259
0.578704	0.401878	34.1355
0.578704	0.334898	33.9846
0.578704	0.279082	33.7996
0.578704	0.232568	33.5715
0.578704	0.193807	33.2879
0.578704	0.161506	32.9319
0.578704	0.134588	32.478
0.578704	0.112157	31.884
0.578704	0.0934639	31.0633
0.578704	0.0778866	29.8899
0.578704	0.0649055	28.5315
0.578704	0.0540879	27.0154
0.578704	0.0450732	25.3744
0.578704	0.037561	23.5128
0.578704	0.0313009	21.5041
0.578704	0.0260841	19.4365
0.578704	0.0217367	17.6058
0.578704	0.0181139	16.0511
0.578704	0.0150949	14.707
0.578704	0.0125791	13.6343
0.578704	0.0104826	12.7753
0.578704	0.0087355	12.1163
0.578704	0.00727958	11.7945
0.578704	0.00606632	11.9853
0.578704	0.00505526	12.7226
0.578704	0.00421272	14.2575
0.578704	0.0035106	16.6696
0.578704	0.0029255	19.5389
0.578704	0.00243792	22.2768
0.578704	0.0020316	24.4693
0.578704	0.001693	26.0572
0.578704	0.00141083	27.1821
0.578704	0.00117569	27.9862
0.482253	1	37.4604
0.482253	0.833333	37.4112
0.482253	0.694444	37.3518
0.482253	0.578704	37.2799
0.482253	0.482253	37.1927
0.482253	0.401878	37.0868
0.482253	0.334898	36.9577
0.482253	0.279082	36.7998
0.482253	0.232568	36.6056
0.482253	0.193807	36.3657
0.482253	0.161506	36.0664
0.482253	0.134588	35.6885
0.482253	0.112157	35.2022
0.482253	0.0934639	34.5532
0.482253	0.0778866	33.5908
0.482253	0.0649055	32.1822
0.482253	0.0540879	30.6808
0.482253	0.0450732	29.0172
0.482253	0.037561	27.2608
0.482253	0.0313009	25.1538
0.482253	0.0260841	22.8548
0.482253	0.0217367	20.5171
0.482253	0.0181139	18.5569
0.482253	0.0150949	16.8369
0.482253	0.0125791	15.3739
0.482253	0.0104826	14.1635
0.482253	0.0087355	13.1607
0.482253	0.00727958	12.3724
0.482253	0.00606632	11.9791
0.482253	0.00505526	12.1638
0.482253	0.00421272	12.9391
0.482253	0.0035106	14.6376
0.482253	0.0029255	17.2493
0.482253	0.00243792	20.2109
0.482253	0.0020316	22.9209
0.482253	0.001693	24.9924
0.482253	0.00141083	26.4566
0.482253	0.00117569	27.4835
0.401878	1	40.4121
0.401878	0.833333	40.3698
0.401878	0.694444	40.3187
0.401878	0.578704	40.2569
0.401878	0.482253	40.1821
0.401878	0.401878	40.0914
0.401878	0.334898	39.9812
0.401878	0.279082	39.8466
0.401878	0.232568	39.6818
0.401878	0.193807	39.4787
0.401878	0.161506	39.2273
0.401878	0.134588	38.9125
0.401878	0.112157	38.5128
0.401878	0.0934639	37.9935
0.401878	0.0778866	37.2815
0.401878	0.0649055	36.0733
0.401878	0.0540879	34.4544
0.401878	0.0450732	32.7772
0.401878	0.037561	31.0349
0.401878	0.0313009	29.1494
0.401878	0.0260841	26.731
0.401878	0.0217367	24.1152
0.401878	0.0181139	21.5508
0.401878	0.0150949	19.5078
0.401878	0.0125791	17.6151
0.401878	0.0104826	16.0597
0.401878	0.0087355	14.7181
0.401878	0.00727958	13.5517
0.401878	0.00606632	12.64
0.401878	0.00505526	12.2179
0.401878	0.00421272	12.4093
0.401878	0.0035106	13.2714
0.401878	0.0029255	15.1645
0.401878	0.00243792	17.9602
0.401878	0.0020316	20.9735
0.401878	0.001693	23.5848
0.401878	0.00141083	25.5044
0.401878	0.00117569	26.8357
0.334898	1	43.4132
0.334898	0.833333	43.3768
0.334898	0.694444	43.3328
0.334898	0.578704	43.2797
0.334898	0.482253	43.2155
0.334898	0.401878	43.1378
0.334898	0.334898	43.0434
0.334898	0.279082	42.9286
0.334898	0.232568	42.7884
0.334898	0.193807	42.6164
0.334898	0.161506	42.4044
0.334898	0.134588	42.1409
0.334898	0.112157	41.81
0.334898	0.0934639	41.3877
0.334898	0.0778866	40.8333
0.334898	0.0649055	40.0383
0.334898	0.0540879	38.3933
0.334898	0.0450732	36.6775
0.334898	0.037561	34.8078
0.334898	0.0313009	33.0502
0.334898	0.0260841	30.9358
0.334898	0.0217367	28.1608
0.334898	0.0181139	25.2538
0.334898	0.0150949	22.5395
0.334898	0.0125791	20.4053
0.334898	0.0104826	18.3991
0.334898	0.0087355	16.717
0.334898	0.00727958	15.2325
0.334898	0.00606632	13.9262
0.334898	0.00505526	12.9032
0.334898	0.00421272	12.501
0.334898	0.0035106	12.7118
0.334898	0.0029255	13.7236
0.334898	0.00243792	15.8468
0.334898	0.0020316	18.7836
0.334898	0.001693	21.7952
0.334898	0.00141083	24.2447
0.334898	0.00117569	25.9941
0.279082	1	46.4609
0.279082	0.833333	46.4295
0.279082	0.694444	46.3915
0.279082	0.578704	46.3457
0.279082	0.482253	46.2904
0.279082	0.401878	46.2236
0.279082	0.334898	46.1425
0.279082	0.279082	46.0441
0.279082	0.232568	45.9243
0.279082	0.193807	45.7779
0.279082	0.161506	45.5981
0.279082	0.134588	45.3762
0.279082	0.112157	45.0997
0.279082	0.0934639	44.7516
0.279082	0.0778866	44.3047
0.279082	0.0649055	43.7112
0.279082	0.0540879	42.7556
0.279082	0.0450732	40.5764
0.279082	0.037561	38.7072
0.279082	0.0313009	36.7613
0.279082	0.0260841	34.9978
0.279082	0.0217367	32.4701
0.279082	0.0181139	29.369
0.279082	0.0150949	26.1854
0.279082	0.0125791	23.4805
0.279082	0.0104826	21.1928
0.279082	0.0087355	19.1572
0.279082	0.00727958	17.3595
0.279082	0.00606632	15.6642
0.279082	0.00505526	14.2494
0.279082	0.00421272	13.181
0.279082	0.0035106	12.8241
0.279082	0.0029255	13.077
0.279082	0.00243792	14.2931
0.279082	0.0020316	16.6754
0.279082	0.001693	19.7066
0.279082	0.00141083	22.6348
0.279082	0.00117569	24.8847
0.232568	1	49.5613
0.232568	0.833333	49.534
0.232568	0.694444	49.5011
0.232568	0.578704	49.4614
0.232568	0.482253	49.4136
0.232568	0.401878	49.3557
0.232568	0.334898	49.2857
0.232568	0.279082	49.2008
0.232568	0.232568	49.0977
0.232568	0.193807	48.9722
0.232568	0.161506	48.8187
0.232568	0.134588	48.6299
0.232568	0.112157	48.3967
0.232568	0.0934639	48.1056
0.232568	0.0778866	47.7376
0.232568	0.0649055	47.2631
0.232568	0.0540879	46.6246
0.232568	0.0450732	45.107
0.232568	0.037561	42.7714
0.232568	0.0313009	40.5671
0.232568	0.0260841	38.7477
0.232568	0.0217367	36.7414
0.232568	0.0181139	33.7967
0.232568	0.0150949	30.413
0.232568	0.0125791	26.8995
0.232568	0.0104826	24.277
0.232568	0.0087355	21.8696
0.232568	0.00727958	19.8353
0.232568	0.00606632	17.9415
0.232568	0.00505526	16.0016
0.232568	0.00421272	14.466
0.232568	0.0035106	13.4742
0.232568	0.0029255	13.1572
0.232568	0.00243792	13.5217
0.232568	0.0020316	14.9876
0.232568	0.001693	17.6213
0.232568	0.00141083	20.7041
0.232568	0.00117569	23.4576
0.193807	1	52.7291
0.193807	0.833333	52.7052
0.193807	0.694444	52.6764
0.193807	0.578704	52.6418
0.193807	0.482253	52.6
0.193807	0.401878	52.5496
0.193807	0.334898	52.4886
0.193807	0.279082	52.4149
0.193807	0.232568	52.3255
0.193807	0.193807	52.2168
0.193807	0.161506	52.0845
0.193807	0.134588	51.9224
0.193807	0.112157	51.7231
0.193807	0.0934639	51.4765
0.193807	0.0778866	51.1682
0.193807	0.0649055	50.7774
0.193807	0.0540879	50.2707
0.193807	0.0450732	49.5761
0.193807	0.037561	46.8184
0.193807	0.0313009	44.7104
0.193807	0.0260841	42.262
0.193807	0.0217367	40.7196
0.193807	0.0181139	37.9627
0.193807	0.0150949	34.9103
0.193807	0.0125791	31.2282
0.193807	0.0104826	27.5672
0.193807	0.0087355	25.0466
0.193807	0.00727958	22.4323
0.193807	0.00606632	20.4107
0.193807	0.00505526	18.3334
0.193807	0.00421272	16.2332
0.193807	0.0035106	14.6483
0.193807	0.0029255	13.7846
0.193807	0.00243792	13.5163
0.193807	0.0020316	14.0596
0.193807	0.001693	15.8274
0.193807	0.00141083	18.6563
0.193807	0.00117569	21.7279
0.161506	1	55.9862
0.161506	0.833333	55.9652
0.161506	0.694444	55.9398
0.161506	0.578704	55.9093
0.161506	0.482253	55.8725
0.161506	0.401878	55.8282
0.161506	0.334898	55.7747
0.161506	0.279082	55.7101
0.161506	0.232568	55.6318
0.161506	0.193807	55.5369
0.161506	0.161506	55.4214
0.161506	0.134588	55.2809
0.161506	0.112157	55.1087
0.161506	0.0934639	54.8967
0.161506	0.0778866	54.6342
0.161506	0.0649055	54.3054
0.161506	0.0540879	53.8875
0.161506	0.0450732	53.3429
0.161506	0.037561	52.5284
0.161506	0.0313009	48.9053
0.161506	0.0260841	46.2659
0.161506	0.0217367	44.1861
0.161506	0.0181139	42.5182
0.161506	0.0150949	39.4217
0.161506	0.0125791	35.8582
0.161506	0.0104826	31.3503
0.161506	0.0087355	28.0746
0.161506	0.00727958	25.7675
0.161506	0.00606632	22.9469
0.161506	0.00505526	20.9699
0.161506	0.00421272	18.5343
0.161506	0.0035106	16.3692
0.161506	0.0029255	14.8708
0.161506	0.00243792	14.0849
0.161506	0.0020316	13.888
0.161506	0.001693	14.6888
0.161506	0.00141083	16.8181
0.161506	0.00117569	19.7764
0.134588	1	59.3617
0.134588	0.833333	59.3429
0.134588	0.694444	59.3204
0.134588	0.578704	59.2933
0.134588	0.482253	59.2606
0.134588	0.401878	59.2213
0.134588	0.334898	59.1739
0.134588	0.279082	59.1167
0.134588	0.232568	59.0475
0.134588	0.193807	58.9637
0.134588	0.161506	58.8621
0.134588	0.134588	58.7386
0.134588	0.112157	58.5882
0.134588	0.0934639	58.4037
0.134588	0.0778866	58.1765
0.134588	0.0649055	57.8949
0.134588	0.0540879	57.5418
0.134588	0.0450732	57.0919
0.134588	0.037561	56.5021
0.134588	0.0313009	54.6738
0.134588	0.0260841	50.8779
0.134588	0.0217367	47.6106
0.134588	0.0181139	46.177
0.134588	0.0150949	42.9642
0.134588	0.0125791	40.5798
0.134588	0.0104826	36.5892
0.134588	0.0087355	31.3549
0.134588	0.00727958	28.7487
0.134588	0.00606632	25.9029
0.134588	0.00505526	23.3966
0.134588	0.00421272	21.3386
0.134588	0.0035106	18.582
0.134588	0.0029255	16.3644
0.134588	0.00243792	15.1267
0.134588	0.0020316	14.3831
0.134588	0.001693	14.3205
0.134588	0.00141083	15.4428
0.134588	0.00117569	17.9035
0.112157	1	62.8897
0.112157	0.833333	62.8729
0.112157	0.694444	62.8527
0.112157	0.578704	62.8284
0.112157	0.482253	62.7991
0.112157	0.401878	62.7639
0.112157	0.334898	62.7215
0.112157	0.279082	62.6704
0.112157	0.232568	62.6087
0.112157	0.193807	62.5341
0.112157	0.161506	62.4438
0.112157	0.134588	62.3342
0.112157	0.112157	62.201
0.112157	0.0934639	62.0383
0.112157	0.0778866	61.8396
0.112157	0.0649055	61.5943
0.112157	0.0540879	61.2901
0.112157	0.0450732	60.908
0.112157	0.037561	60.4202
0.112157	0.0313009	59.7767
0.112157	0.0260841	55.3847
0.112157	0.0217367	52.069
0.112157	0.0181139	49.3325
0.112157	0.0150949	47.9723
0.112157	0.0125791	43.9921
0.112157	0.0104826	41.6057
0.112157	0.0087355	36.3154
0.112157	0.00727958	31.616
0.112157	0.00606632	29.147
0.112157	0.00505526	25.9104
0.112157	0.00421272	23.879
0.112157	0.0035106	21.8347
0.112157	0.0029255	18.5507
0.112157	0.00243792	16.4793
0.112157	0.0020316	15.4662
0.112157	0.001693	14.7191
0.112157	0.00141083	14.8315
0.112157	0.00117569	16.3453
0.0934639	1	66.6087
0.0934639	0.833333	66.5935
0.0934639	0.694444	66.5753
0.0934639	0.578704	66.5533
0.0934639	0.482253	66.5269
0.0934639	0.401878	66.4952
0.0934639	0.334898	66.457
0.0934639	0.279082	66.4109
0.0934639	0.232568	66.3555
0.0934639	0.193807	66.2885
0.0934639	0.161506	66.2075
0.0934639	0.134588	66.1094
0.0934639	0.112157	65.9904
0.0934639	0.0934639	65.8457
0.0934639	0.0778866	65.6695
0.0934639	0.0649055	65.4532
0.0934639	0.0540879	65.1869
0.0934639	0.0450732	64.8557
0.0934639	0.037561	64.44
0.0934639	0.0313009	63.9077
0.0934639	0.0260841	63.1982
0.0934639	0.0217367	56.7539
0.0934639	0.0181139	53.1956
0.0934639	0.0150949	51.9214
0.0934639	0.0125791	48.3838
0.0934639	0.0104826	45.7536
0.0934639	0.0087355	42.1019
0.0934639	0.00727958	36.7102
0.0934639	0.00606632	32.2916
0.0934639	0.00505526	29.0118
0.0934639	0.00421272	26.266
0.0934639	0.0035106	24.3372
0.0934639	0.0029255	22.2542
0.0934639	0.00243792	18.5306
0.0934639	0.0020316	16.7294
0.0934639	0.001693	15.7784
0.0934639	0.00141083	15.0212
0.0934639	0.00117569	15.3872
0.0778866	1	70.5601
0.0778866	0.833333	70.5463
0.0778866	0.694444	70.5297
0.0778866	0.578704	70.5098
0.0778866	0.482253	70.4858
0.0778866	0.401878	70.457
0.0778866	0.334898	70.4224
0.0778866	0.279082	70.3806
0.0778866	0.232568	70.3303
0.0778866	0.193807	70.2698
0.0778866	0.161506	70.1967
0.0778866	0.134588	70.1082
0.0778866	0.112157	70.0012
0.0778866	0.0934639	69.8713
0.0778866	0.0778866	69.7133
0.0778866	0.0649055	69.5208
0.0778866	0.0540879	69.2846
0.0778866	0.0450732	68.9937
0.0778866	0.037561	68.6319
0.0778866	0.0313009	68.1769
0.0778866	0.0260841	67.5933
0.0778866	0.0217367	65.575
0.0778866	0.0181139	58.7197
0.0778866	0.0150949	55.0071
0.0778866	0.0125791	53.6648
0.0778866	0.0104826	48.941
0.0778866	0.0087355	46.6687
0.0778866	0.00727958	42.6687
0.0778866	0.00606632	37.5773
0.0778866	0.00505526	32.577
0.0778866	0.00421272	28.6472
0.0778866	0.0035106	26.7994
0.0778866	0.0029255	24.6914
0.0778866	0.00243792	21.8981
0.0778866	0.0020316	18.5273
0.0778866	0.001693	17.1593
0.0778866	0.00141083	16.0896
0.0778866	0.00117569	15.2884
0.0649055	1	74.7865
0.0649055	0.833333	74.7739
0.0649055	0.694444	74.7588
0.0649055	0.578704	74.7407
0.0649055	0.482253	74.7188
0.0649055	0.401878	74.6926
0.0649055	0.334898	74.661
0.0649055	0.279082	74.6231
0.0649055	0.232568	74.5773
0.0649055	0.193807	74.5222
0.0649055	0.161506	74.4559
0.0649055	0.134588	74.3758
0.0649055	0.112157	74.2789
0.0649055	0.0934639	74.1616
0.0649055	0.0778866	74.0193
0.0649055	0.0649055	73.8461
0.0649055	0.0540879	73.6352
0.0649055	0.0450732	73.3762
0.0649055	0.037561	73.0572
0.0649055	0.0313009	72.6604
0.0649055	0.0260841	72.1608
0.0649055	0.0217367	71.519
0.0649055	0.0181139	66.2178
0.0649055	0.0150949	59.3206
0.0649055	0.0125791	56.8977
0.0649055	0.0104826	54.0093
0.0649055	0.0087355	50.4442
0.0649055	0.00727958	46.9254
0.0649055	0.00606632	43.2804
0.0649055	0.00505526	38.5731
0.0649055	0.00421272	32.8138
0.0649055	0.0035106	28.9979
0.0649055	0.0029255	27.2872
0.0649055	0.00243792	25.2809
0.0649055	0.0020316	22.5351
0.0649055	0.001693	18.9901
0.0649055	0.00141083	17.3879
0.0649055	0.00117569	16.3016
0.0540879	1	79.3312
0.0540879	0.833333	79.3197
0.0540879	0.694444	79.3059
0.0540879	0.578704	79.2893
0.0540879	0.482253	79.2694
0.0540879	0.401878	79.2454
0.0540879	0.334898	79.2166
0.0540879	0.279082	79.182
0.0540879	0.232568	79.1403
0.0540879	0.193807	79.0901
0.0540879	0.161506	79.0296
0.0540879	0.134588	78.9569
0.0540879	0.112157	78.8689
0.0540879	0.0934639	78.7625
0.0540879	0.0778866	78.6338
0.0540879	0.0649055	78.4775
0.0540879	0.0540879	78.2873
0.0540879	0.0450732	78.0557
0.0540879	0.037561	77.7713
0.0540879	0.0313009	77.4209
0.0540879	0.0260841	76.9849
0.0540879	0.0217367	76.4357
0.0540879	0.0181139	75.7273
0.0540879	0.0150949	66.9245
0.0540879	0.0125791	60.5202
0.0540879	0.0104826	58.9295
0.0540879	0.0087355	55.9738
0.0540879	0.00727958	53.3051
0.0540879	0.00606632	47.2047
0.0540879	0.00505526	44.4997
0.0540879	0.00421272	39.8866
0.0540879	0.0035106	32.86
0.0540879	0.0029255	29.7611
0.0540879	0.00243792	27.4812
0.0540879	0.0020316	25.6797
0.0540879	0.001693	22.8494
0.0540879	0.00141083	19.2995
0.0540879	0.00117569	17.7097
0.0450732	1	84.2365
0.0450732	0.833333	84.226
0.0450732	0.694444	84.2134
0.0450732	0.578704	84.1983
0.0450732	0.482253	84.18
0.0450732	0.401878	84.1582
0.0450732	0.334898	84.1319
0.0450732	0.279082	84.1003
0.0450732	0.232568	84.0623
0.0450732	0.193807	84.0165
0.0450732	0.161506	83.9614
0.0450732	0.134588	83.895
0.0450732	0.112157	83.8149
0.0450732	0.0934639	83.7186
0.0450732	0.0778866	83.6018
0.0450732	0.0649055	83.4604
0.0450732	0.0540879	83.2888
0.0450732	0.0450732	83.08
0.0450732	0.037561	82.8257
0.0450732	0.0313009	82.5133
0.0450732	0.0260841	82.1283
0.0450732	0.0217367	81.6492
0.0450732	0.0181139	81.0453
0.0450732	0.0150949	80.1303
0.0450732	0.0125791	68.6788
0.0450732	0.0104826	62.1701
0.0450732	0.0087355	60.0883
0.0450732	0.00727958	58.1937
0.0450732	0.00606632	55.0339
0.0450732	0.00505526	51.4078
0.0450732	0.00421272	45.7276
0.0450732	0.0035106	41.0741
0.0450732	0.0029255	33.286
0.0450732	0.00243792	30.4033
0.0450732	0.0020316	28.1326
0.0450732	0.001693	25.8035
0.0450732	0.00141083	24.2999
0.0450732	0.00117569	20.0596
0.037561	1	89.5437
0.037561	0.833333	89.5341
0.037561	0.694444	89.5226
0.037561	0.578704	89.5087
0.037561	0.482253	89.4921
0.037561	0.401878	89.4722
0.037561	0.334898	89.4482
0.037561	0.279082	89.4194
0.037561	0.232568	89.3848
0.037561	0.193807	89.3431
0.037561	0.161506	89.293
0.037561	0.134588	89.2326
0.037561	0.112157	89.1598
0.037561	0.0934639	89.072
0.037561	0.0778866	88.9664
0.037561	0.0649055	88.8384
0.037561	0.0540879	88.6833
0.037561	0.0450732	88.4952
0.037561	0.037561	88.2662
0.037561	0.0313009	87.9873
0.037561	0.0260841	87.6446
0.037561	0.0217367	87.2222
0.037561	0.0181139	86.6964
0.037561	0.0150949	86.0335
0.037561	0.0125791	83.3958
0.037561	0.0104826	68.29
0.037561	0.0087355	64.0096
0.037561	0.00727958	62.9431
0.037561	0.00606632	60.5097
0.037561	0.00505526	57.8311
0.037561	0.00421272	54.5662
0.037561	0.0035106	48.4652
0.037561	0.0029255	42.4728
0.037561	0.00243792	34.7671
0.037561	0.0020316	31.1061
0.037561	0.001693	28.373
0.037561	0.00141083	26.2292
0.037561	0.00117569	24.8745
0.0313009	1	95.2915
0.0313009	0.833333	95.2828
0.0313009	0.694444	95.2723
0.0313009	0.578704	95.2597
0.0313009	0.482253	95.2446
0.0313009	0.401878	95.2265
0.0313009	0.334898	95.2047
0.0313009	0.279082	95.1785
0.0313009	0.232568	95.147
0.0313009	0.193807	95.1092
0.0313009	0.161506	95.0636
0.0313009	0.134588	95.0088
0.0313009	0.112157	94.9428
0.0313009	0.0934639	94.8632
0.0313009	0.0778866	94.7672
0.0313009	0.0649055	94.6513
0.0313009	0.0540879	94.5119
0.0313009	0.0450732	94.3424
0.0313009	0.037561	94.1367
0.0313009	0.0313009	93.8862
0.0313009	0.0260841	93.5811
0.0313009	0.0217367	93.2062
0.0313009	0.0181139	92.7441
0.0313009	0.0150949	92.1686
0.0313009	0.0125791	91.443
0.0313009	0.0104826	79.9637
0.0313009	0.0087355	72.3536
0.0313009	0.00727958	66.9259
0.0313009	0.00606632	65.2176
0.0313009	0.00505526	62.5535
0.0313009	0.00421272	59.4015
0.0313009	0.0035106	56.7787
0.0313009	0.0029255	50.2121
0.0313009	0.00243792	42.6645
0.0313009	0.0020316	37.8213
0.0313009	0.001693	32.7884
0.0313009	0.00141083	29.1017
0.0313009	0.00117569	26.4686
0.0260841	1	101.516
0.0260841	0.833333	101.508
0.0260841	0.694444	101.499
0.0260841	0.578704	101.487
0.0260841	0.482253	101.474
0.0260841	0.401878	101.457
0.0260841	0.334898	101.437
0.0260841	0.279082	101.414
0.0260841	0.232568	101.385
0.0260841	0.193807	101.351
0.0260841	0.161506	101.31
0.0260841	0.134588	101.26
0.0260841	0.112157	101.201
0.0260841	0.0934639	101.129
0.0260841	0.0778866	101.042
0.0260841	0.0649055	100.938
0.0260841	0.0540879	100.811
0.0260841	0.0450732	100.659
0.0260841	0.037561	100.475
0.0260841	0.0313009	100.251
0.0260841	0.0260841	99.978
0.0260841	0.0217367	99.6458
0.0260841	0.0181139	99.2373
0.0260841	0.0150949	98.7336
0.0260841	0.0125791	98.1063
0.0260841	0.0104826	97.3154
0.0260841	0.0087355	83.1114
0.0260841	0.00727958	75.0793
0.0260841	0.00606632	72.7747
0.0260841	0.00505526	67.5588
0.0260841	0.00421272	66.5901
0.0260841	0.0035106	63.6855
0.0260841	0.0029255	59.9193
0.0260841	0.00243792	54.2597
0.0260841	0.0020316	45.4073
0.0260841	0.001693	39.5247
0.0260841	0.00141083	34.7945
0.0260841	0.00117569	29.9511
0.0217367	1	108.249
0.0217367	0.833333	108.242
0.0217367	0.694444	108.234
0.0217367	0.578704	108.223
0.0217367	0.482253	108.211
0.0217367	0.401878	108.196
0.0217367	0.334898	108.178
0.0217367	0.279082	108.157
0.0217367	0.232568	108.131
0.0217367	0.193807	108.1
0.0217367	0.161506	108.063
0.0217367	0.134588	108.019
0.0217367	0.112157	107.965
0.0217367	0.0934639	107.901
0.0217367	0.0778866	107.823
0.0217367	0.0649055	107.729
0.0217367	0.0540879	107.616
0.0217367	0.0450732	107.479
0.0217367	0.037561	107.313
0.0217367	0.0313009	107.115
0.0217367	0.0260841	106.872
0.0217367	0.0217367	106.576
0.0217367	0.0181139	106.216
0.0217367	0.0150949	105.774
0.0217367	0.0125791	105.228
0.0217367	0.0104826	104.547
0.0217367	0.0087355	103.683
0.0217367	0.00727958	85.7114
0.0217367	0.00606632	75.952
0.0217367	0.00505526	75.7531
0.0217367	0.00421272	70.9741
0.0217367	0.0035106	69.5776
0.0217367	0.0029255	66.8555
0.0217367	0.00243792	62.1539
0.0217367	0.0020316	56.7526
0.0217367	0.001693	47.6625
0.0217367	0.00141083	42.3139
0.0217367	0.00117569	36.8266
0.0181139	1	115.518
0.0181139	0.833333	115.511
0.0181139	0.694444	115.503
0.0181139	0.578704	115.494
0.0181139	0.482253	115.483
0.0181139	0.401878	115.47
0.0181139	0.334898	115.454
0.0181139	0.279082	115.435
0.0181139	0.232568	115.412
0.0181139	0.193807	115.384
0.0181139	0.161506	115.351
0.0181139	0.134588	115.311
0.0181139	0.112157	115.263
0.0181139	0.0934639	115.206
0.0181139	0.0778866	115.136
0.0181139	0.0649055	115.052
0.0181139	0.0540879	114.952
0.0181139	0.0450732	114.83
0.0181139	0.037561	114.683
0.0181139	0.0313009	114.505
0.0181139	0.0260841	114.291
0.0181139	0.0217367	114.03
0.0181139	0.0181139	113.711
0.0181139	0.0150949	113.324
0.0181139	0.0125791	112.847
0.0181139	0.0104826	112.259
0.0181139	0.0087355	111.526
0.0181139	0.00727958	109.441
0.0181139	0.00606632	82.8322
0.0181139	0.00505526	80.8324
0.0181139	0.00421272	81.1876
0.0181139	0.0035106	75.6019
0.0181139	0.0029255	73.6115
0.0181139	0.00243792	68.8058
0.0181139	0.0020316	64.4138
0.0181139	0.001693	62.521
0.0181139	0.00141083	53.2161
0.0181139	0.00117569	43.4108
0.0150949	1	123.34
0.0150949	0.833333	123.334
0.0150949	0.694444	123.327
0.0150949	0.578704	123.319
0.0150949	0.482253	123.309
0.0150949	0.401878	123.297
0.0150949	0.334898	123.283
0.0150949	0.279082	123.266
0.0150949	0.232568	123.246
0.0150949	0.193807	123.221
0.0150949	0.161506	123.192
0.0150949	0.134588	123.157
0.0150949	0.112157	123.114
0.0150949	0.0934639	123.063
0.0150949	0.0778866	123.001
0.0150949	0.0649055	122.927
0.0150949	0.0540879	122.838
0.0150949	0.0450732	122.73
0.0150949	0.037561	122.6
0.0150949	0.0313009	122.443
0.0150949	0.0260841	122.253
0.0150949	0.0217367	122.025
0.0150949	0.0181139	121.746
0.0150949	0.0150949	121.407
0.0150949	0.0125791	120.993
0.0150949	0.0104826	120.483
0.0150949	0.0087355	119.855
0.0150949	0.00727958	119.072
0.0150949	0.00606632	114.915
0.0150949	0.00505526	81.5259
0.0150949	0.00421272	81.641
0.0150949	0.0035106	81.6496
0.0150949	0.0029255	77.6229
0.0150949	0.00243792	75.3806
0.0150949	0.0020316	72.1911
0.0150949	0.001693	66.8199
0.0150949	0.00141083	63.4403
0.0150949	0.00117569	56.0966
0.0125791	1	131.726
0.0125791	0.833333	131.721
0.0125791	0.694444	131.715
0.0125791	0.578704	131.707
0.0125791	0.482253	131.699
0.0125791	0.401878	131.688
0.0125791	0.334898	131.676
0.0125791	0.279082	131.661
0.0125791	0.232568	131.643
0.0125791	0.193807	131.622
0.0125791	0.161506	131.596
0.0125791	0.134588	131.565
0.0125791	0.112157	131.527
0.0125791	0.0934639	131.482
0.0125791	0.0778866	131.428
0.0125791	0.0649055	131.363
0.0125791	0.0540879	131.285
0.0125791	0.0450732	131.19
0.0125791	0.037561	131.077
0.0125791	0.0313009	130.939
0.0125791	0.0260841	130.773
0.0125791	0.0217367	130.572
0.0125791	0.0181139	130.331
0.0125791	0.0150949	130.036
0.0125791	0.0125791	129.677
0.0125791	0.0104826	129.239
0.0125791	0.0087355	128.7
0.0125791	0.00727958	128.035
0.0125791	0.00606632	127.206
0.0125791	0.00505526	124.561
0.0125791	0.00421272	84.6469
0.0125791	0.0035106	84.6724
0.0125791	0.0029255	84.6573
0.0125791	0.00243792	84.6052
0.0125791	0.0020316	77.1179
0.0125791	0.001693	74.9542
0.0125791	0.00141083	69.0261
0.0125791	0.00117569	65.7697
0.0104826	1	140.675
0.0104826	0.833333	140.67
0.0104826	0.694444	140.665
0.0104826	0.578704	140.659
0.0104826	0.482253	140.651
0.0104826	0.401878	140.642
0.0104826	0.334898	140.632
0.0104826	0.279082	140.619
0.0104826	0.232568	140.603
0.0104826	0.193807	140.584
0.0104826	0.161506	140.562
0.0104826	0.134588	140.534
0.0104826	0.112157	140.502
0.0104826	0.0934639	140.463
0.0104826	0.0778866	140.416
0.0104826	0.0649055	140.359
0.0104826	0.0540879	140.291
0.0104826	0.0450732	140.209
0.0104826	0.037561	140.111
0.0104826	0.0313009	139.992
0.0104826	0.0260841	139.848
0.0104826	0.0217367	139.674
0.0104826	0.0181139	139.464
0.0104826	0.0150949	139.212
0.0104826	0.0125791	138.903
0.0104826	0.0104826	138.527
0.0104826	0.0087355	138.069
0.0104826	0.00727958	137.504
0.0104826	0.00606632	136.808
0.0104826	0.00505526	135.94
0.0104826	0.00421272	126.112
0.0104826	0.0035106	88.5382
0.0104826	0.0029255	88.555
0.0104826	0.00243792	88.5376
0.0104826	0.0020316	88.4886
0.0104826	0.001693	81.2455
0.0104826	0.00141083	74.9237
0.0104826	0.00117569	73.762
