1	0.1	32.7935
1	0.0909091	32.8198
1	0.0826446	33.1018
1	0.0751315	33.8169
1	0.0683013	35.1007
1	0.0620921	36.8175
1	0.0564474	38.8528
1	0.0513158	41.1902
1	0.0466507	43.7468
1	0.0424098	46.4498
1	0.0385543	49.2578
1	0.0350494	52.1729
1	0.0318631	55.1471
1	0.0289664	58.2612
1	0.0263331	61.5338
1	0.0239392	64.8034
1	0.0217629	67.9422
1	0.0197845	70.8976
1	0.0179859	73.6479
1	0.0163508	76.1928
1	0.0148644	78.5445
1	0.0135131	80.7064
1	0.0122846	82.6673
1	0.0111678	84.427
1	0.0101526	86.0048
1	0.0092296	87.4183
1	0.00839055	88.6697
1	0.00762777	89.7723
1	0.00693433	90.7424
1	0.00630394	91.5998
1	0.00573086	92.3565
1	0.00520987	93.0167
1	0.00473624	93.5895
1	0.00430568	94.0839
1	0.00391425	94.5101
1	0.00355841	94.8791
1	0.00323492	95.1986
1	0.00294083	95.4739
1	0.00267349	95.7113
1	0.00243044	95.9164
1	0.00220949	96.0936
1	0.00200863	96.247
1	0.00182603	96.3796
1	0.00166002	96.4938
1	0.00150911	96.5921
1	0.00137192	96.6765
1	0.0012472	96.7489
1	0.00113382	96.8111
1	0.00103074	96.8646
1	0.000937041	96.9107
1	0.000851855	96.9503
1	0.000774414	96.9842
1	0.000704013	97.0131
1	0.000640011	97.0376
1	0.000581829	97.0586
1	0.000528935	97.0765
0.909091	0.1	32.2214
0.909091	0.0909091	32.0411
0.909091	0.0826446	32.0618
0.909091	0.0751315	32.3496
0.909091	0.0683013	33.1387
0.909091	0.0620921	34.5241
0.909091	0.0564474	36.3133
0.909091	0.0513158	38.4297
0.909091	0.0466507	40.8519
0.909091	0.0424098	43.4856
0.909091	0.0385543	46.2576
0.909091	0.0350494	49.1469
0.909091	0.0318631	52.1382
0.909091	0.0289664	55.1857
0.909091	0.0263331	58.4089
0.909091	0.0239392	61.7865
0.909091	0.0217629	65.1087
0.909091	0.0197845	68.2766
0.909091	0.0179859	71.2453
0.909091	0.0163508	74.0047
0.909091	0.0148644	76.5538
0.909091	0.0135131	78.9093
0.909091	0.0122846	81.067
0.909091	0.0111678	83.0143
0.909091	0.0101526	84.755
0.909091	0.0092296	86.3151
0.909091	0.00839055	87.7088
0.909091	0.00762777	88.9362
0.909091	0.00693433	90.0144
0.909091	0.00630394	90.9615
0.909091	0.00573086	91.7998
0.909091	0.00520987	92.5376
0.909091	0.00473624	93.1792
0.909091	0.00430568	93.7343
0.909091	0.00391425	94.2117
0.909091	0.00355841	94.6225
0.909091	0.00323492	94.9784
0.909091	0.00294083	95.2859
0.909091	0.00267349	95.5502
0.909091	0.00243044	95.778
0.909091	0.00220949	95.9747
0.909091	0.00200863	96.1447
0.909091	0.00182603	96.2917
0.909091	0.00166002	96.4186
0.909091	0.00150911	96.5279
0.909091	0.00137192	96.6217
0.909091	0.0012472	96.7022
0.909091	0.00113382	96.7713
0.909091	0.00103074	96.8305
0.909091	0.000937041	96.8815
0.909091	0.000851855	96.9254
0.909091	0.000774414	96.9631
0.909091	0.000704013	96.9952
0.909091	0.000640011	97.0225
0.909091	0.000581829	97.0457
0.909091	0.000528935	97.0656
0.826446	0.1	31.8856
0.826446	0.0909091	31.5533
0.826446	0.0826446	31.358
0.826446	0.0751315	31.3797
0.826446	0.0683013	31.6858
0.826446	0.0620921	32.5765
0.826446	0.0564474	34.0622
0.826446	0.0513158	35.9134
0.826446	0.0466507	38.1155
0.826446	0.0424098	40.614
0.826446	0.0385543	43.3217
0.826446	0.0350494	46.1574
0.826446	0.0318631	49.1336
0.826446	0.0289664	52.1926
0.826446	0.0263331	55.319
0.826446	0.0239392	58.6596
0.826446	0.0217629	62.1271
0.826446	0.0197845	65.4816
0.826446	0.0179859	68.6655
0.826446	0.0163508	71.6386
0.826446	0.0148644	74.4003
0.826446	0.0135131	76.9492
0.826446	0.0122846	79.3038
0.826446	0.0111678	81.4501
0.826446	0.0101526	83.3776
0.826446	0.0092296	85.0953
0.826446	0.00839055	86.6359
0.826446	0.00762777	88.0055
0.826446	0.00693433	89.206
0.826446	0.00630394	90.2575
0.826446	0.00573086	91.1809
0.826446	0.00520987	91.9998
0.826446	0.00473624	92.7175
0.826446	0.00430568	93.34
0.826446	0.00391425	93.8768
0.826446	0.00355841	94.3365
0.826446	0.00323492	94.732
0.826446	0.00294083	95.0751
0.826446	0.00267349	95.3705
0.826446	0.00243044	95.624
0.826446	0.00220949	95.8425
0.826446	0.00200863	96.031
0.826446	0.00182603	96.1939
0.826446	0.00166002	96.3347
0.826446	0.00150911	96.4562
0.826446	0.00137192	96.5606
0.826446	0.0012472	96.6501
0.826446	0.00113382	96.7269
0.826446	0.00103074	96.7926
0.826446	0.000937041	96.849
0.826446	0.000851855	96.8976
0.826446	0.000774414	96.9394
0.826446	0.000704013	96.9752
0.826446	0.000640011	97.0056
0.826446	0.000581829	97.0315
0.826446	0.000528935	97.0534
0.751315	0.1	31.7543
0.751315	0.0909091	31.2998
0.751315	0.0826446	30.9444
0.751315	0.0751315	30.7444
0.751315	0.0683013	30.7701
0.751315	0.0620921	31.1165
0.751315	0.0564474	32.1345
0.751315	0.0513158	33.7086
0.751315	0.0466507	35.6176
0.751315	0.0424098	37.9081
0.751315	0.0385543	40.4734
0.751315	0.0350494	43.2527
0.751315	0.0318631	46.1511
0.751315	0.0289664	49.218
0.751315	0.0263331	52.3348
0.751315	0.0239392	55.5524
0.751315	0.0217629	59.015
0.751315	0.0197845	62.5476
0.751315	0.0179859	65.9175
0.751315	0.0163508	69.1046
0.751315	0.0148644	72.076
0.751315	0.0135131	74.8328
0.751315	0.0122846	77.3783
0.751315	0.0111678	79.7257
0.751315	0.0101526	81.8531
0.751315	0.0092296	83.755
0.751315	0.00839055	85.4469
0.751315	0.00762777	86.9657
0.751315	0.00693433	88.3067
0.751315	0.00630394	89.4776
0.751315	0.00573086	90.5005
0.751315	0.00520987	91.4005
0.751315	0.00473624	92.1993
0.751315	0.00430568	92.8956
0.751315	0.00391425	93.4987
0.751315	0.00355841	94.0165
0.751315	0.00323492	94.4581
0.751315	0.00294083	94.8388
0.751315	0.00267349	95.1691
0.751315	0.00243044	95.4523
0.751315	0.00220949	95.6954
0.751315	0.00200863	95.9048
0.751315	0.00182603	96.0853
0.751315	0.00166002	96.2413
0.751315	0.00150911	96.3761
0.751315	0.00137192	96.4923
0.751315	0.0012472	96.5919
0.751315	0.00113382	96.6773
0.751315	0.00103074	96.7505
0.751315	0.000937041	96.8131
0.751315	0.000851855	96.8667
0.751315	0.000774414	96.913
0.751315	0.000704013	96.9529
0.751315	0.000640011	96.9868
0.751315	0.000581829	97.0156
0.751315	0.000528935	97.04
0.683013	0.1	31.813
0.683013	0.0909091	31.2461
0.683013	0.0826446	30.7665
0.683013	0.0751315	30.3921
0.683013	0.0683013	30.2006
0.683013	0.0620921	30.2293
0.683013	0.0564474	30.6511
0.683013	0.0513158	31.8121
0.683013	0.0466507	33.4528
0.683013	0.0424098	35.4289
0.683013	0.0385543	37.8017
0.683013	0.0350494	40.4279
0.683013	0.0318631	43.2741
0.683013	0.0289664	46.2427
0.683013	0.0263331	49.397
0.683013	0.0239392	52.5649
0.683013	0.0217629	55.8912
0.683013	0.0197845	59.4727
0.683013	0.0179859	63.0384
0.683013	0.0163508	66.4122
0.683013	0.0148644	69.5898
0.683013	0.0135131	72.5555
0.683013	0.0122846	75.3005
0.683013	0.0111678	77.8397
0.683013	0.0101526	80.1717
0.683013	0.0092296	82.2735
0.683013	0.00839055	84.1443
0.683013	0.00762777	85.809
0.683013	0.00693433	87.3029
0.683013	0.00630394	88.611
0.683013	0.00573086	89.7496
0.683013	0.00520987	90.7428
0.683013	0.00473624	91.6202
0.683013	0.00430568	92.3974
0.683013	0.00391425	93.0719
0.683013	0.00355841	93.6552
0.683013	0.00323492	94.1529
0.683013	0.00294083	94.5764
0.683013	0.00267349	94.9428
0.683013	0.00243044	95.2602
0.683013	0.00220949	95.5314
0.683013	0.00200863	95.7644
0.683013	0.00182603	95.9649
0.683013	0.00166002	96.1376
0.683013	0.00150911	96.2869
0.683013	0.00137192	96.416
0.683013	0.0012472	96.5269
0.683013	0.00113382	96.6219
0.683013	0.00103074	96.7034
0.683013	0.000937041	96.7731
0.683013	0.000851855	96.8326
0.683013	0.000774414	96.8837
0.683013	0.000704013	96.9278
0.683013	0.000640011	96.9658
0.683013	0.000581829	96.9979
0.683013	0.000528935	97.025
0.620921	0.1	32.0537
0.620921	0.0909091	31.3778
0.620921	0.0826446	30.7849
0.620921	0.0751315	30.2826
0.620921	0.0683013	29.8949
0.620921	0.0620921	29.7247
0.620921	0.0564474	29.7573
0.620921	0.0513158	30.2947
0.620921	0.0466507	31.6026
0.620921	0.0424098	33.2857
0.620921	0.0385543	35.3487
0.620921	0.0350494	37.7882
0.620921	0.0318631	40.4779
0.620921	0.0289664	43.3816
0.620921	0.0263331	46.4364
0.620921	0.0239392	49.6647
0.620921	0.0217629	52.8865
0.620921	0.0197845	56.3393
0.620921	0.0179859	60.0232
0.620921	0.0163508	63.5911
0.620921	0.0148644	66.9601
0.620921	0.0135131	70.1189
0.620921	0.0122846	73.0739
0.620921	0.0111678	75.8019
0.620921	0.0101526	78.3309
0.620921	0.0092296	80.6382
0.620921	0.00839055	82.7086
0.620921	0.00762777	84.5434
0.620921	0.00693433	86.1811
0.620921	0.00630394	87.6451
0.620921	0.00573086	88.9166
0.620921	0.00520987	90.0208
0.620921	0.00473624	90.9841
0.620921	0.00430568	91.8398
0.620921	0.00391425	92.5934
0.620921	0.00355841	93.2462
0.620921	0.00323492	93.8089
0.620921	0.00294083	94.2854
0.620921	0.00267349	94.6913
0.620921	0.00243044	95.0442
0.620921	0.00220949	95.3484
0.620921	0.00200863	95.6078
0.620921	0.00182603	95.8311
0.620921	0.00166002	96.0228
0.620921	0.00150911	96.188
0.620921	0.00137192	96.3309
0.620921	0.0012472	96.4543
0.620921	0.00113382	96.5601
0.620921	0.00103074	96.6507
0.620921	0.000937041	96.7284
0.620921	0.000851855	96.7948
0.620921	0.000774414	96.8513
0.620921	0.000704013	96.8999
0.620921	0.000640011	96.942
0.620921	0.000581829	96.978
0.620921	0.000528935	97.0083
0.564474	0.1	32.4729
0.564474	0.0909091	31.687
0.564474	0.0826446	30.9846
0.564474	0.0751315	30.3679
0.564474	0.0683013	29.8454
0.564474	0.0620921	29.4533
0.564474	0.0564474	29.3093
0.564474	0.0513158	29.3578
0.564474	0.0466507	30.0221
0.564474	0.0424098	31.4921
0.564474	0.0385543	33.2046
0.564474	0.0350494	35.3704
0.564474	0.0318631	37.8599
0.564474	0.0289664	40.6224
0.564474	0.0263331	43.5744
0.564474	0.0239392	46.7332
0.564474	0.0217629	50.0134
0.564474	0.0197845	53.3074
0.564474	0.0179859	56.8981
0.564474	0.0163508	60.6508
0.564474	0.0148644	64.1997
0.564474	0.0135131	67.5545
0.564474	0.0122846	70.6911
0.564474	0.0111678	73.6275
0.564474	0.0101526	76.3363
0.564474	0.0092296	78.8482
0.564474	0.00839055	81.122
0.564474	0.00762777	83.1553
0.564474	0.00693433	84.951
0.564474	0.00630394	86.562
0.564474	0.00573086	87.9898
0.564474	0.00520987	89.2219
0.564474	0.00473624	90.29
0.564474	0.00430568	91.2247
0.564474	0.00391425	92.0586
0.564474	0.00355841	92.787
0.564474	0.00323492	93.4184
0.564474	0.00294083	93.9589
0.564474	0.00267349	94.4139
0.564474	0.00243044	94.803
0.564474	0.00220949	95.1428
0.564474	0.00200863	95.4335
0.564474	0.00182603	95.6818
0.564474	0.00166002	95.8954
0.564474	0.00150911	96.0785
0.564474	0.00137192	96.2365
0.564474	0.0012472	96.3732
0.564474	0.00113382	96.4911
0.564474	0.00103074	96.5919
0.564474	0.000937041	96.6783
0.564474	0.000851855	96.7524
0.564474	0.000774414	96.8154
0.564474	0.000704013	96.8691
0.564474	0.000640011	96.9155
0.564474	0.000581829	96.9557
0.564474	0.000528935	96.9897
0.513158	0.1	33.0724
0.513158	0.0909091	32.1703
0.513158	0.0826446	31.3578
0.513158	0.0751315	30.6314
0.513158	0.0683013	29.9924
0.513158	0.0620921	29.4523
0.513158	0.0564474	29.0709
0.513158	0.0513158	28.9451
0.513158	0.0466507	29.0429
0.513158	0.0424098	29.748
0.513158	0.0385543	31.4597
0.513158	0.0350494	33.1892
0.513158	0.0318631	35.4823
0.513158	0.0289664	38.0126
0.513158	0.0263331	40.8537
0.513158	0.0239392	43.8554
0.513158	0.0217629	47.1289
0.513158	0.0197845	50.4382
0.513158	0.0179859	53.836
0.513158	0.0163508	57.5649
0.513158	0.0148644	61.3387
0.513158	0.0135131	64.861
0.513158	0.0122846	68.1889
0.513158	0.0111678	71.3048
0.513158	0.0101526	74.2123
0.513158	0.0092296	76.9027
0.513158	0.00839055	79.3865
0.513158	0.00762777	81.6205
0.513158	0.00693433	83.6108
0.513158	0.00630394	85.3668
0.513158	0.00573086	86.9496
0.513158	0.00520987	88.3346
0.513158	0.00473624	89.525
0.513158	0.00430568	90.5566
0.513158	0.00391425	91.4649
0.513158	0.00355841	92.2752
0.513158	0.00323492	92.9782
0.513158	0.00294083	93.5878
0.513158	0.00267349	94.1046
0.513158	0.00243044	94.5382
0.513158	0.00220949	94.912
0.513158	0.00200863	95.2382
0.513158	0.00182603	95.5157
0.513158	0.00166002	95.7533
0.513158	0.00150911	95.9573
0.513158	0.00137192	96.1322
0.513158	0.0012472	96.2833
0.513158	0.00113382	96.414
0.513158	0.00103074	96.5264
0.513158	0.000937041	96.6223
0.513158	0.000851855	96.7048
0.513158	0.000774414	96.7754
0.513158	0.000704013	96.8351
0.513158	0.000640011	96.8861
0.513158	0.000581829	96.9305
0.513158	0.000528935	96.9686
0.466507	0.1	33.8609
0.466507	0.0909091	32.828
0.466507	0.0826446	31.9005
0.466507	0.0751315	31.0647
0.466507	0.0683013	30.3163
0.466507	0.0620921	29.6561
0.466507	0.0564474	29.101
0.466507	0.0513158	28.7534
0.466507	0.0466507	28.6273
0.466507	0.0424098	28.8264
0.466507	0.0385543	29.6704
0.466507	0.0350494	31.4887
0.466507	0.0318631	33.2782
0.466507	0.0289664	35.6725
0.466507	0.0263331	38.2498
0.466507	0.0239392	41.1613
0.466507	0.0217629	44.2334
0.466507	0.0197845	47.6136
0.466507	0.0179859	50.9427
0.466507	0.0163508	54.4773
0.466507	0.0148644	58.327
0.466507	0.0135131	62.0753
0.466507	0.0122846	65.5716
0.466507	0.0111678	68.8604
0.466507	0.0101526	71.956
0.466507	0.0092296	74.8256
0.466507	0.00839055	77.497
0.466507	0.00762777	79.9403
0.466507	0.00693433	82.1309
0.466507	0.00630394	84.0723
0.466507	0.00573086	85.7913
0.466507	0.00520987	87.3408
0.466507	0.00473624	88.6776
0.466507	0.00430568	89.8247
0.466507	0.00391425	90.8206
0.466507	0.00355841	91.7048
0.466507	0.00323492	92.4886
0.466507	0.00294083	93.1672
0.466507	0.00267349	93.7537
0.466507	0.00243044	94.2452
0.466507	0.00220949	94.6586
0.466507	0.00200863	95.0184
0.466507	0.00182603	95.3303
0.466507	0.00166002	95.5949
0.466507	0.00150911	95.8224
0.466507	0.00137192	96.0169
0.466507	0.0012472	96.1839
0.466507	0.00113382	96.3282
0.466507	0.00103074	96.4532
0.466507	0.000937041	96.5601
0.466507	0.000851855	96.6515
0.466507	0.000774414	96.7302
0.466507	0.000704013	96.7973
0.466507	0.000640011	96.854
0.466507	0.000581829	96.9025
0.466507	0.000528935	96.9449
0.424098	0.1	34.8565
0.424098	0.0909091	33.6683
0.424098	0.0826446	32.6117
0.424098	0.0751315	31.663
0.424098	0.0683013	30.8069
0.424098	0.0620921	30.0371
0.424098	0.0564474	29.3569
0.424098	0.0513158	28.7909
0.424098	0.0466507	28.4951
0.424098	0.0424098	28.3608
0.424098	0.0385543	28.7107
0.424098	0.0350494	29.6924
0.424098	0.0318631	31.3299
0.424098	0.0289664	33.4588
0.424098	0.0263331	35.9286
0.424098	0.0239392	38.578
0.424098	0.0217629	41.5428
0.424098	0.0197845	44.7205
0.424098	0.0179859	48.1711
0.424098	0.0163508	51.5412
0.424098	0.0148644	55.2327
0.424098	0.0135131	59.159
0.424098	0.0122846	62.8544
0.424098	0.0111678	66.3237
0.424098	0.0101526	69.5704
0.424098	0.0092296	72.6376
0.424098	0.00839055	75.4679
0.424098	0.00762777	78.1137
0.424098	0.00693433	80.5064
0.424098	0.00630394	82.6496
0.424098	0.00573086	84.5379
0.424098	0.00520987	86.2241
0.424098	0.00473624	87.7316
0.424098	0.00430568	89.0169
0.424098	0.00391425	90.1201
0.424098	0.00355841	91.0826
0.424098	0.00323492	91.9438
0.424098	0.00294083	92.6983
0.424098	0.00267349	93.3537
0.424098	0.00243044	93.9148
0.424098	0.00220949	94.3807
0.424098	0.00200863	94.7755
0.424098	0.00182603	95.1218
0.424098	0.00166002	95.419
0.424098	0.00150911	95.6717
0.424098	0.00137192	95.889
0.424098	0.0012472	96.0742
0.424098	0.00113382	96.2336
0.424098	0.00103074	96.3715
0.424098	0.000937041	96.4908
0.424098	0.000851855	96.5924
0.424098	0.000774414	96.6795
0.424098	0.000704013	96.7547
0.424098	0.000640011	96.8183
0.424098	0.000581829	96.8719
0.424098	0.000528935	96.9182
0.385543	0.1	36.0847
0.385543	0.0909091	34.7102
0.385543	0.0826446	33.4964
0.385543	0.0751315	32.4243
0.385543	0.0683013	31.4581
0.385543	0.0620921	30.5836
0.385543	0.0564474	29.7913
0.385543	0.0513158	29.0935
0.385543	0.0466507	28.5191
0.385543	0.0424098	28.2734
0.385543	0.0385543	28.1652
0.385543	0.0350494	28.6841
0.385543	0.0318631	29.7858
0.385543	0.0289664	31.2023
0.385543	0.0263331	33.7231
0.385543	0.0239392	36.2416
0.385543	0.0217629	38.9502
0.385543	0.0197845	42.0024
0.385543	0.0179859	45.2658
0.385543	0.0163508	48.7872
0.385543	0.0148644	52.2495
0.385543	0.0135131	56.0997
0.385543	0.0122846	60.0357
0.385543	0.0111678	63.6744
0.385543	0.0101526	67.1071
0.385543	0.0092296	70.3203
0.385543	0.00839055	73.3423
0.385543	0.00762777	76.1403
0.385543	0.00693433	78.7462
0.385543	0.00630394	81.0833
0.385543	0.00573086	83.1732
0.385543	0.00520987	85.0077
0.385543	0.00473624	86.6633
0.385543	0.00430568	88.1178
0.385543	0.00391425	89.3508
0.385543	0.00355841	90.4111
0.385543	0.00323492	91.3431
0.385543	0.00294083	92.1794
0.385543	0.00267349	92.905
0.385543	0.00243044	93.5369
0.385543	0.00220949	94.0699
0.385543	0.00200863	94.5112
0.385543	0.00182603	94.8894
0.385543	0.00166002	95.2219
0.385543	0.00150911	95.5045
0.385543	0.00137192	95.746
0.385543	0.0012472	95.953
0.385543	0.00113382	96.1293
0.385543	0.00103074	96.2814
0.385543	0.000937041	96.4133
0.385543	0.000851855	96.5268
0.385543	0.000774414	96.6233
0.385543	0.000704013	96.7064
0.385543	0.000640011	96.7781
0.385543	0.000581829	96.8383
0.385543	0.000528935	96.8891
0.350494	0.1	37.569
0.350494	0.0909091	35.9868
0.350494	0.0826446	34.5715
0.350494	0.0751315	33.3491
0.350494	0.0683013	32.2672
0.350494	0.0620921	31.2869
0.350494	0.0564474	30.3925
0.350494	0.0513158	29.5764
0.350494	0.0466507	28.8652
0.350494	0.0424098	28.2816
0.350494	0.0385543	28.0715
0.350494	0.0350494	28.0688
0.350494	0.0318631	28.7288
0.350494	0.0289664	29.9242
0.350494	0.0263331	31.4273
0.350494	0.0239392	34.0602
0.350494	0.0217629	36.4016
0.350494	0.0197845	39.3365
0.350494	0.0179859	42.5489
0.350494	0.0163508	45.9392
0.350494	0.0148644	49.4644
0.350494	0.0135131	53.0725
0.350494	0.0122846	57.0604
0.350494	0.0111678	60.9468
0.350494	0.0101526	64.5381
0.350494	0.0092296	67.9171
0.350494	0.00839055	71.1041
0.350494	0.00762777	74.0657
0.350494	0.00693433	76.8374
0.350494	0.00630394	79.3868
0.350494	0.00573086	81.6683
0.350494	0.00520987	83.6983
0.350494	0.00473624	85.4836
0.350494	0.00430568	87.1047
0.350494	0.00391425	88.4977
0.350494	0.00355841	89.678
0.350494	0.00323492	90.698
0.350494	0.00294083	91.6032
0.350494	0.00267349	92.4101
0.350494	0.00243044	93.1091
0.350494	0.00220949	93.7153
0.350494	0.00200863	94.2184
0.350494	0.00182603	94.6372
0.350494	0.00166002	95.0008
0.350494	0.00150911	95.3183
0.350494	0.00137192	95.587
0.350494	0.0012472	95.8178
0.350494	0.00113382	96.0143
0.350494	0.00103074	96.1823
0.350494	0.000937041	96.3274
0.350494	0.000851855	96.4535
0.350494	0.000774414	96.5612
0.350494	0.000704013	96.6529
0.350494	0.000640011	96.7324
0.350494	0.000581829	96.8005
0.350494	0.000528935	96.8573
0.318631	0.1	39.3124
0.318631	0.0909091	37.5394
0.318631	0.0826446	35.8721
0.318631	0.0751315	34.4485
0.318631	0.0683013	33.2311
0.318631	0.0620921	32.1427
0.318631	0.0564474	31.1489
0.318631	0.0513158	30.2293
0.318631	0.0466507	29.3921
0.318631	0.0424098	28.6701
0.318631	0.0385543	28.073
0.318631	0.0350494	27.6169
0.318631	0.0318631	28.0672
0.318631	0.0289664	28.8327
0.318631	0.0263331	29.91
0.318631	0.0239392	31.7475
0.318631	0.0217629	33.8375
0.318631	0.0197845	36.838
0.318631	0.0179859	39.7772
0.318631	0.0163508	43.1873
0.318631	0.0148644	46.6854
0.318631	0.0135131	50.2293
0.318631	0.0122846	54.0114
0.318631	0.0111678	58.0775
0.318631	0.0101526	61.8871
0.318631	0.0092296	65.439
0.318631	0.00839055	68.7597
0.318631	0.00762777	71.9099
0.318631	0.00693433	74.8111
0.318631	0.00630394	77.5514
0.318631	0.00573086	80.033
0.318631	0.00520987	82.2574
0.318631	0.00473624	84.2226
0.318631	0.00430568	85.967
0.318631	0.00391425	87.5413
0.318631	0.00355841	88.8705
0.318631	0.00323492	89.9986
0.318631	0.00294083	90.9812
0.318631	0.00267349	91.8621
0.318631	0.00243044	92.6359
0.318631	0.00220949	93.3104
0.318631	0.00200863	93.8871
0.318631	0.00182603	94.3606
0.318631	0.00166002	94.7593
0.318631	0.00150911	95.1093
0.318631	0.00137192	95.4109
0.318631	0.0012472	95.6668
0.318631	0.00113382	95.8868
0.318631	0.00103074	96.0731
0.318631	0.000937041	96.2332
0.318631	0.000851855	96.3718
0.318631	0.000774414	96.492
0.318631	0.000704013	96.594
0.318631	0.000640011	96.6813
0.318631	0.000581829	96.7574
0.318631	0.000528935	96.8219
0.289664	0.1	41.2824
0.289664	0.0909091	39.3987
0.289664	0.0826446	37.4522
0.289664	0.0751315	35.7542
0.289664	0.0683013	34.3515
0.289664	0.0620921	33.1467
0.289664	0.0564474	32.0531
0.289664	0.0513158	31.0397
0.289664	0.0466507	30.091
0.289664	0.0424098	29.2394
0.289664	0.0385543	28.5042
0.289664	0.0350494	27.886
0.289664	0.0318631	27.4583
0.289664	0.0289664	28.1558
0.289664	0.0263331	28.9894
0.289664	0.0239392	30.1353
0.289664	0.0217629	32.1449
0.289664	0.0197845	34.2514
0.289664	0.0179859	36.9262
0.289664	0.0163508	40.0786
0.289664	0.0148644	43.7719
0.289664	0.0135131	47.457
0.289664	0.0122846	50.973
0.289664	0.0111678	55.0587
0.289664	0.0101526	59.1217
0.289664	0.0092296	62.8529
0.289664	0.00839055	66.3611
0.289664	0.00762777	69.6408
0.289664	0.00693433	72.7267
0.289664	0.00630394	75.5841
0.289664	0.00573086	78.2752
0.289664	0.00520987	80.685
0.289664	0.00473624	82.8471
0.289664	0.00430568	84.746
0.289664	0.00391425	86.4571
0.289664	0.00355841	87.9672
0.289664	0.00323492	89.2338
0.289664	0.00294083	90.3134
0.289664	0.00267349	91.2613
0.289664	0.00243044	92.1159
0.289664	0.00220949	92.858
0.289664	0.00200863	93.5071
0.289664	0.00182603	94.0507
0.289664	0.00166002	94.4971
0.289664	0.00150911	94.8784
0.289664	0.00137192	95.214
0.289664	0.0012472	95.5001
0.289664	0.00113382	95.7442
0.289664	0.00103074	95.9528
0.289664	0.000937041	96.1296
0.289664	0.000851855	96.2822
0.289664	0.000774414	96.4148
0.289664	0.000704013	96.5288
0.289664	0.000640011	96.6253
0.289664	0.000581829	96.7088
0.289664	0.000528935	96.7815
0.263331	0.1	43.4234
0.263331	0.0909091	41.5493
0.263331	0.0826446	39.3753
0.263331	0.0751315	37.323
0.263331	0.0683013	35.6524
0.263331	0.0620921	34.2902
0.263331	0.0564474	33.1011
0.263331	0.0513158	31.9965
0.263331	0.0466507	30.9514
0.263331	0.0424098	29.979
0.263331	0.0385543	29.117
0.263331	0.0350494	28.3628
0.263331	0.0318631	27.714
0.263331	0.0289664	27.3799
0.263331	0.0263331	28.2896
0.263331	0.0239392	29.1867
0.263331	0.0217629	30.4704
0.263331	0.0197845	32.3421
0.263331	0.0179859	34.7003
0.263331	0.0163508	37.1016
0.263331	0.0148644	40.6987
0.263331	0.0135131	44.2846
0.263331	0.0122846	48.2099
0.263331	0.0111678	51.9528
0.263331	0.0101526	56.0152
0.263331	0.0092296	60.188
0.263331	0.00839055	63.8551
0.263331	0.00762777	67.2978
0.263331	0.00693433	70.5472
0.263331	0.00630394	73.5492
0.263331	0.00573086	76.3764
0.263331	0.00520987	78.9977
0.263331	0.00473624	81.3401
0.263331	0.00430568	83.4345
0.263331	0.00391425	85.2717
0.263331	0.00355841	86.947
0.263331	0.00323492	88.3826
0.263331	0.00294083	89.5871
0.263331	0.00267349	90.6224
0.263331	0.00243044	91.5407
0.263331	0.00220949	92.363
0.263331	0.00200863	93.0773
0.263331	0.00182603	93.6971
0.263331	0.00166002	94.2061
0.263331	0.00150911	94.6288
0.263331	0.00137192	94.9947
0.263331	0.0012472	95.3148
0.263331	0.00113382	95.5861
0.263331	0.00103074	95.8187
0.263331	0.000937041	96.0158
0.263331	0.000851855	96.1839
0.263331	0.000774414	96.3293
0.263331	0.000704013	96.4561
0.263331	0.000640011	96.5639
0.263331	0.000581829	96.6554
0.263331	0.000528935	96.7354
0.239392	0.1	45.6897
0.239392	0.0909091	43.9154
0.239392	0.0826446	41.6758
0.239392	0.0751315	39.2383
0.239392	0.0683013	37.1855
0.239392	0.0620921	35.5854
0.239392	0.0564474	34.275
0.239392	0.0513158	33.0954
0.239392	0.0466507	31.9619
0.239392	0.0424098	30.8824
0.239392	0.0385543	29.8955
0.239392	0.0350494	29.0207
0.239392	0.0318631	28.2353
0.239392	0.0289664	27.5563
0.239392	0.0263331	27.3983
0.239392	0.0239392	28.465
0.239392	0.0217629	29.4215
0.239392	0.0197845	30.9125
0.239392	0.0179859	32.82
0.239392	0.0163508	35.1958
0.239392	0.0148644	37.6839
0.239392	0.0135131	41.0899
0.239392	0.0122846	45.1353
0.239392	0.0111678	49.0722
0.239392	0.0101526	53.0049
0.239392	0.0092296	56.9127
0.239392	0.00839055	61.2499
0.239392	0.00762777	64.8864
0.239392	0.00693433	68.2552
0.239392	0.00630394	71.4618
0.239392	0.00573086	74.3878
0.239392	0.00520987	77.1809
0.239392	0.00473624	79.7188
0.239392	0.00430568	81.9941
0.239392	0.00391425	84.0161
0.239392	0.00355841	85.8036
0.239392	0.00323492	87.4249
0.239392	0.00294083	88.7873
0.239392	0.00267349	89.9316
0.239392	0.00243044	90.9252
0.239392	0.00220949	91.8182
0.239392	0.00200863	92.6042
0.239392	0.00182603	93.2926
0.239392	0.00166002	93.878
0.239392	0.00150911	94.3544
0.239392	0.00137192	94.7563
0.239392	0.0012472	95.1079
0.239392	0.00113382	95.4116
0.239392	0.00103074	95.6692
0.239392	0.000937041	95.89
0.239392	0.000851855	96.0761
0.239392	0.000774414	96.236
0.239392	0.000704013	96.375
0.239392	0.000640011	96.4956
0.239392	0.000581829	96.5973
0.239392	0.000528935	96.6844
0.217629	0.1	48.0648
0.217629	0.0909091	46.405
0.217629	0.0826446	44.2971
0.217629	0.0751315	41.5934
0.217629	0.0683013	39.0345
0.217629	0.0620921	37.0765
0.217629	0.0564474	35.5688
0.217629	0.0513158	34.3158
0.217629	0.0466507	33.1188
0.217629	0.0424098	31.9363
0.217629	0.0385543	30.8419
0.217629	0.0350494	29.8364
0.217629	0.0318631	28.9434
0.217629	0.0289664	28.1088
0.217629	0.0263331	27.4234
0.217629	0.0239392	27.4786
0.217629	0.0217629	28.281
0.217629	0.0197845	29.6512
0.217629	0.0179859	31.4126
0.217629	0.0163508	33.3162
0.217629	0.0148644	35.4612
0.217629	0.0135131	38.3376
0.217629	0.0122846	41.3927
0.217629	0.0111678	45.7721
0.217629	0.0101526	49.5751
0.217629	0.0092296	53.9866
0.217629	0.00839055	57.9804
0.217629	0.00762777	62.2321
0.217629	0.00693433	65.9223
0.217629	0.00630394	69.2372
0.217629	0.00573086	72.3726
0.217629	0.00520987	75.2509
0.217629	0.00473624	77.9875
0.217629	0.00430568	80.4394
0.217629	0.00391425	82.6444
0.217629	0.00355841	84.591
0.217629	0.00323492	86.3425
0.217629	0.00294083	87.8865
0.217629	0.00267349	89.178
0.217629	0.00243044	90.2691
0.217629	0.00220949	91.223
0.217629	0.00200863	92.0884
0.217629	0.00182603	92.8413
0.217629	0.00166002	93.5015
0.217629	0.00150911	94.0484
0.217629	0.00137192	94.4968
0.217629	0.0012472	94.8805
0.217629	0.00113382	95.2172
0.217629	0.00103074	95.5046
0.217629	0.000937041	95.7495
0.217629	0.000851855	95.9577
0.217629	0.000774414	96.134
0.217629	0.000704013	96.2861
0.217629	0.000640011	96.4192
0.217629	0.000581829	96.5332
0.217629	0.000528935	96.6292
0.197845	0.1	50.5558
0.197845	0.0909091	48.9698
0.197845	0.0826446	47.0899
0.197845	0.0751315	44.4212
0.197845	0.0683013	41.322
0.197845	0.0620921	38.8339
0.197845	0.0564474	37.0224
0.197845	0.0513158	35.6227
0.197845	0.0466507	34.4062
0.197845	0.0424098	33.1479
0.197845	0.0385543	31.926
0.197845	0.0350494	30.8327
0.197845	0.0318631	29.7937
0.197845	0.0289664	28.8733
0.197845	0.0263331	27.971
0.197845	0.0239392	27.3578
0.197845	0.0217629	27.5965
0.197845	0.0197845	28.3565
0.197845	0.0179859	29.9605
0.197845	0.0163508	31.79
0.197845	0.0148644	33.8393
0.197845	0.0135131	36.0784
0.197845	0.0122846	39.0582
0.197845	0.0111678	42.1314
0.197845	0.0101526	46.2495
0.197845	0.0092296	50.3616
0.197845	0.00839055	54.9259
0.197845	0.00762777	59.0409
0.197845	0.00693433	62.8997
0.197845	0.00630394	66.9651
0.197845	0.00573086	70.2321
0.197845	0.00520987	73.2778
0.197845	0.00473624	76.1264
0.197845	0.00430568	78.7833
0.197845	0.00391425	81.1572
0.197845	0.00355841	83.2899
0.197845	0.00323492	85.1638
0.197845	0.00294083	86.8729
0.197845	0.00267349	88.3356
0.197845	0.00243044	89.5555
0.197845	0.00220949	90.5979
0.197845	0.00200863	91.5207
0.197845	0.00182603	92.3502
0.197845	0.00166002	93.0748
0.197845	0.00150911	93.701
0.197845	0.00137192	94.2092
0.197845	0.0012472	94.634
0.197845	0.00113382	95.0018
0.197845	0.00103074	95.3223
0.197845	0.000937041	95.5941
0.197845	0.000851855	95.8264
0.197845	0.000774414	96.0223
0.197845	0.000704013	96.1894
0.197845	0.000640011	96.3346
0.197845	0.000581829	96.4616
0.197845	0.000528935	96.569
0.179859	0.1	53.1785
0.179859	0.0909091	51.6138
0.179859	0.0826446	49.9239
0.179859	0.0751315	47.5874
0.179859	0.0683013	44.1834
0.179859	0.0620921	40.9712
0.179859	0.0564474	38.6954
0.179859	0.0513158	37.0466
0.179859	0.0466507	35.7591
0.179859	0.0424098	34.5152
0.179859	0.0385543	33.1643
0.179859	0.0350494	31.9602
0.179859	0.0318631	30.8381
0.179859	0.0289664	29.7606
0.179859	0.0263331	28.7888
0.179859	0.0239392	27.8165
0.179859	0.0217629	27.4054
0.179859	0.0197845	27.7366
0.179859	0.0179859	28.4758
0.179859	0.0163508	30.3394
0.179859	0.0148644	32.3067
0.179859	0.0135131	34.4015
0.179859	0.0122846	36.7667
0.179859	0.0111678	39.8441
0.179859	0.0101526	43.0926
0.179859	0.0092296	46.7728
0.179859	0.00839055	51.0947
0.179859	0.00762777	55.7566
0.179859	0.00693433	60.0886
0.179859	0.00630394	63.7881
0.179859	0.00573086	67.9613
0.179859	0.00520987	71.2205
0.179859	0.00473624	74.1982
0.179859	0.00430568	77.0118
0.179859	0.00391425	79.5703
0.179859	0.00355841	81.8672
0.179859	0.00323492	83.9241
0.179859	0.00294083	85.743
0.179859	0.00267349	87.3841
0.179859	0.00243044	88.7695
0.179859	0.00220949	89.9229
0.179859	0.00200863	90.9169
0.179859	0.00182603	91.8144
0.179859	0.00166002	92.6057
0.179859	0.00150911	93.3025
0.179859	0.00137192	93.8886
0.179859	0.0012472	94.3628
0.179859	0.00113382	94.767
0.179859	0.00103074	95.1193
0.179859	0.000937041	95.4232
0.179859	0.000851855	95.6803
0.179859	0.000774414	95.8995
0.179859	0.000704013	96.0842
0.179859	0.000640011	96.2427
0.179859	0.000581829	96.3817
0.179859	0.000528935	96.5021
0.163508	0.1	55.9502
0.163508	0.0909091	54.3638
0.163508	0.0826446	52.7727
0.163508	0.0751315	50.8298
0.163508	0.0683013	47.6432
0.163508	0.0620921	43.665
0.163508	0.0564474	40.6701
0.163508	0.0513158	38.6482
0.163508	0.0466507	37.1781
0.163508	0.0424098	35.9584
0.163508	0.0385543	34.5957
0.163508	0.0350494	33.1957
0.163508	0.0318631	32.0434
0.163508	0.0289664	30.8388
0.163508	0.0263331	29.7262
0.163508	0.0239392	28.6588
0.163508	0.0217629	27.6513
0.163508	0.0197845	27.5266
0.163508	0.0179859	27.9135
0.163508	0.0163508	28.4061
0.163508	0.0148644	30.7414
0.163508	0.0135131	32.8398
0.163508	0.0122846	35.008
0.163508	0.0111678	37.5274
0.163508	0.0101526	40.4085
0.163508	0.0092296	44.0887
0.163508	0.00839055	47.4684
0.163508	0.00762777	51.751
0.163508	0.00693433	56.5511
0.163508	0.00630394	60.5054
0.163508	0.00573086	64.2248
0.163508	0.00520987	68.5336
0.163508	0.00473624	72.1828
0.163508	0.00430568	75.0614
0.163508	0.00391425	77.8872
0.163508	0.00355841	80.35
0.163508	0.00323492	82.571
0.163508	0.00294083	84.5455
0.163508	0.00267349	86.3219
0.163508	0.00243044	87.8778
0.163508	0.00220949	89.1847
0.163508	0.00200863	90.2807
0.163508	0.00182603	91.2307
0.163508	0.00166002	92.0979
0.163508	0.00150911	92.8567
0.163508	0.00137192	93.521
0.163508	0.0012472	94.0633
0.163508	0.00113382	94.5105
0.163508	0.00103074	94.8963
0.163508	0.000937041	95.233
0.163508	0.000851855	95.5197
0.163508	0.000774414	95.7631
0.163508	0.000704013	95.9688
0.163508	0.000640011	96.1432
0.163508	0.000581829	96.294
0.163508	0.000528935	96.427
0.148644	0.1	58.888
0.148644	0.0909091	57.2462
0.148644	0.0826446	55.6777
0.148644	0.0751315	53.9943
0.148644	0.0683013	51.4405
0.148644	0.0620921	47.1112
0.148644	0.0564474	43.0907
0.148644	0.0513158	40.4932
0.148644	0.0466507	38.7287
0.148644	0.0424098	37.414
0.148644	0.0385543	36.1672
0.148644	0.0350494	34.6273
0.148644	0.0318631	33.3029
0.148644	0.0289664	32.1329
0.148644	0.0263331	30.8242
0.148644	0.0239392	29.6638
0.148644	0.0217629	28.4486
0.148644	0.0197845	27.5074
0.148644	0.0179859	27.6748
0.148644	0.0163508	28.0664
0.148644	0.0148644	28.9298
0.148644	0.0135131	31.1732
0.148644	0.0122846	33.4058
0.148644	0.0111678	35.4651
0.148644	0.0101526	38.3569
0.148644	0.0092296	41.3812
0.148644	0.00839055	44.9715
0.148644	0.00762777	48.1217
0.148644	0.00693433	52.0737
0.148644	0.00630394	56.7819
0.148644	0.00573086	61.0401
0.148644	0.00520987	65.1905
0.148644	0.00473624	69.1167
0.148644	0.00430568	73.14
0.148644	0.00391425	76.0095
0.148644	0.00355841	78.7433
0.148644	0.00323492	81.1201
0.148644	0.00294083	83.2681
0.148644	0.00267349	85.1628
0.148644	0.00243044	86.8811
0.148644	0.00220949	88.3578
0.148644	0.00200863	89.5844
0.148644	0.00182603	90.6241
0.148644	0.00166002	91.5448
0.148644	0.00150911	92.3725
0.148644	0.00137192	93.1026
0.148644	0.0012472	93.727
0.148644	0.00113382	94.2281
0.148644	0.00103074	94.6531
0.148644	0.000937041	95.0221
0.148644	0.000851855	95.3421
0.148644	0.000774414	95.612
0.148644	0.000704013	95.8417
0.148644	0.000640011	96.0348
0.148644	0.000581829	96.1997
0.148644	0.000528935	96.344
0.135131	0.1	62.0103
0.135131	0.0909091	60.2824
0.135131	0.0826446	58.6883
0.135131	0.0751315	57.1119
0.135131	0.0683013	55.1502
0.135131	0.0620921	51.3265
0.135131	0.0564474	46.2038
0.135131	0.0513158	42.673
0.135131	0.0466507	40.4678
0.135131	0.0424098	38.9566
0.135131	0.0385543	37.7153
0.135131	0.0350494	36.3009
0.135131	0.0318631	34.6836
0.135131	0.0289664	33.4926
0.135131	0.0263331	32.185
0.135131	0.0239392	30.7898
0.135131	0.0217629	29.5317
0.135131	0.0197845	28.1402
0.135131	0.0179859	27.4277
0.135131	0.0163508	27.8044
0.135131	0.0148644	28.2179
0.135131	0.0135131	29.1722
0.135131	0.0122846	31.6099
0.135131	0.0111678	33.985
0.135131	0.0101526	36.2224
0.135131	0.0092296	39.1349
0.135131	0.00839055	42.3122
0.135131	0.00762777	45.6141
0.135131	0.00693433	49.057
0.135131	0.00630394	53.0014
0.135131	0.00573086	57.3816
0.135131	0.00520987	61.6813
0.135131	0.00473624	66.1589
0.135131	0.00430568	69.8741
0.135131	0.00391425	73.9954
0.135131	0.00355841	76.9613
0.135131	0.00323492	79.5832
0.135131	0.00294083	81.8766
0.135131	0.00267349	83.9469
0.135131	0.00243044	85.7843
0.135131	0.00220949	87.4184
0.135131	0.00200863	88.816
0.135131	0.00182603	89.9733
0.135131	0.00166002	90.9558
0.135131	0.00150911	91.8506
0.135131	0.00137192	92.6409
0.135131	0.0012472	93.3398
0.135131	0.00113382	93.918
0.135131	0.00103074	94.3862
0.135131	0.000937041	94.7912
0.135131	0.000851855	95.1439
0.135131	0.000774414	95.4462
0.135131	0.000704013	95.7006
0.135131	0.000640011	95.9159
0.135131	0.000581829	96.0979
0.135131	0.000528935	96.2539
0.122846	0.1	65.3382
0.122846	0.0909091	63.4915
0.122846	0.0826446	61.8381
0.122846	0.0751315	60.2756
0.122846	0.0683013	58.6278
0.122846	0.0620921	55.8646
0.122846	0.0564474	50.3011
0.122846	0.0513158	45.3516
0.122846	0.0466507	42.4708
0.122846	0.0424098	40.6363
0.122846	0.0385543	39.2908
0.122846	0.0350494	38.0168
0.122846	0.0318631	36.3321
0.122846	0.0289664	34.8557
0.122846	0.0263331	33.6987
0.122846	0.0239392	32.182
0.122846	0.0217629	30.7168
0.122846	0.0197845	29.2587
0.122846	0.0179859	27.7922
0.122846	0.0163508	27.4089
0.122846	0.0148644	27.5592
0.122846	0.0135131	28.09
0.122846	0.0122846	29.1398
0.122846	0.0111678	32.0629
0.122846	0.0101526	34.6339
0.122846	0.0092296	37.05
0.122846	0.00839055	39.8681
0.122846	0.00762777	43.3402
0.122846	0.00693433	46.6051
0.122846	0.00630394	49.6932
0.122846	0.00573086	52.8974
0.122846	0.00520987	56.9803
0.122846	0.00473624	61.7177
0.122846	0.00430568	66.7488
0.122846	0.00391425	70.1721
0.122846	0.00355841	74.4145
0.122846	0.00323492	77.8733
0.122846	0.00294083	80.3262
0.122846	0.00267349	82.626
0.122846	0.00243044	84.6079
0.122846	0.00220949	86.3873
0.122846	0.00200863	87.9422
0.122846	0.00182603	89.2524
0.122846	0.00166002	90.3447
0.122846	0.00150911	91.2851
0.122846	0.00137192	92.1443
0.122846	0.0012472	92.9042
0.122846	0.00113382	93.5642
0.122846	0.00103074	94.0952
0.122846	0.000937041	94.5386
0.122846	0.000851855	94.9254
0.122846	0.000774414	95.2616
0.122846	0.000704013	95.545
0.122846	0.000640011	95.7849
0.122846	0.000581829	95.9863
0.122846	0.000528935	96.1579
0.111678	0.1	68.8964
0.111678	0.0909091	66.8947
0.111678	0.0826446	65.1496
0.111678	0.0751315	63.5546
0.111678	0.0683013	62.0037
0.111678	0.0620921	60.0636
0.111678	0.0564474	55.421
0.111678	0.0513158	48.8464
0.111678	0.0466507	44.8416
0.111678	0.0424098	42.5052
0.111678	0.0385543	40.9675
0.111678	0.0350494	39.6747
0.111678	0.0318631	38.2114
0.111678	0.0289664	36.404
0.111678	0.0263331	35.1424
0.111678	0.0239392	33.8342
0.111678	0.0217629	32.1165
0.111678	0.0197845	30.5392
0.111678	0.0179859	28.8001
0.111678	0.0163508	27.5389
0.111678	0.0148644	27.4473
0.111678	0.0135131	28.1136
0.111678	0.0122846	28.1959
0.111678	0.0111678	29.2222
0.111678	0.0101526	31.9186
0.111678	0.0092296	35.0746
0.111678	0.00839055	37.9266
0.111678	0.00762777	40.8164
0.111678	0.00693433	44.3446
0.111678	0.00630394	47.6238
0.111678	0.00573086	50.4962
0.111678	0.00520987	53.9563
0.111678	0.00473624	57.6674
0.111678	0.00430568	62.2177
0.111678	0.00391425	66.7062
0.111678	0.00355841	71.0051
0.111678	0.00323492	75.128
0.111678	0.00294083	78.7631
0.111678	0.00267349	81.1348
0.111678	0.00243044	83.36
0.111678	0.00220949	85.2677
0.111678	0.00200863	86.9653
0.111678	0.00182603	88.4466
0.111678	0.00166002	89.6731
0.111678	0.00150911	90.6975
0.111678	0.00137192	91.6116
0.111678	0.0012472	92.4298
0.111678	0.00113382	93.1595
0.111678	0.00103074	93.773
0.111678	0.000937041	94.2631
0.111678	0.000851855	94.686
0.111678	0.000774414	95.0552
0.111678	0.000704013	95.3735
0.111678	0.000640011	95.6394
0.111678	0.000581829	95.8643
0.111678	0.000528935	96.0536
0.101526	0.1	72.7125
0.101526	0.0909091	70.5152
0.101526	0.0826446	68.6461
0.101526	0.0751315	66.9842
0.101526	0.0683013	65.4322
0.101526	0.0620921	63.8399
0.101526	0.0564474	60.8617
0.101526	0.0513158	53.6087
0.101526	0.0466507	47.7452
0.101526	0.0424098	44.6581
0.101526	0.0385543	42.7729
0.101526	0.0350494	41.3839
0.101526	0.0318631	40.0335
0.101526	0.0289664	38.2811
0.101526	0.0263331	36.6272
0.101526	0.0239392	35.4814
0.101526	0.0217629	33.8586
0.101526	0.0197845	31.9991
0.101526	0.0179859	30.1152
0.101526	0.0163508	28.2655
0.101526	0.0148644	27.4029
0.101526	0.0135131	27.3066
0.101526	0.0122846	27.6284
0.101526	0.0111678	28.4578
0.101526	0.0101526	29.4381
0.101526	0.0092296	32.3984
0.101526	0.00839055	35.7963
0.101526	0.00762777	38.8502
0.101526	0.00693433	41.8909
0.101526	0.00630394	45.3319
0.101526	0.00573086	48.4909
0.101526	0.00520987	51.3462
0.101526	0.00473624	54.1294
0.101526	0.00430568	57.7407
0.101526	0.00391425	61.8025
0.101526	0.00355841	66.7759
0.101526	0.00323492	71.7185
0.101526	0.00294083	75.1324
0.101526	0.00267349	79.2912
0.101526	0.00243044	81.9301
0.101526	0.00220949	84.0642
0.101526	0.00200863	85.9115
0.101526	0.00182603	87.5274
0.101526	0.00166002	88.9239
0.101526	0.00150911	90.0772
0.101526	0.00137192	91.0405
0.101526	0.0012472	91.9249
0.101526	0.00113382	92.7097
0.101526	0.00103074	93.4022
0.101526	0.000937041	93.9649
0.101526	0.000851855	94.4248
0.101526	0.000774414	94.8286
0.101526	0.000704013	95.1813
0.101526	0.000640011	95.4791
0.101526	0.000581829	95.7295
0.101526	0.000528935	95.9392
0.092296	0.1	76.8189
0.092296	0.0909091	74.3772
0.092296	0.0826446	72.3474
0.092296	0.0751315	70.5877
0.092296	0.0683013	68.9932
0.092296	0.0620921	67.47
0.092296	0.0564474	65.5917
0.092296	0.0513158	59.8213
0.092296	0.0466507	51.5216
0.092296	0.0424098	47.2142
0.092296	0.0385543	44.7856
0.092296	0.0350494	43.1616
0.092296	0.0318631	41.8283
0.092296	0.0289664	40.27
0.092296	0.0263331	38.3797
0.092296	0.0239392	36.9833
0.092296	0.0217629	35.7731
0.092296	0.0197845	33.7503
0.092296	0.0179859	31.7191
0.092296	0.0163508	29.4346
0.092296	0.0148644	27.798
0.092296	0.0135131	27.3969
0.092296	0.0122846	27.4076
0.092296	0.0111678	27.8442
0.092296	0.0101526	28.7434
0.092296	0.0092296	29.4956
0.092296	0.00839055	32.2915
0.092296	0.00762777	36.4199
0.092296	0.00693433	39.5937
0.092296	0.00630394	42.6798
0.092296	0.00573086	46.1143
0.092296	0.00520987	49.446
0.092296	0.00473624	52.2242
0.092296	0.00430568	54.7175
0.092296	0.00391425	58.256
0.092296	0.00355841	61.8048
0.092296	0.00323492	66.8895
0.092296	0.00294083	71.6748
0.092296	0.00267349	75.7553
0.092296	0.00243044	79.6933
0.092296	0.00220949	82.718
0.092296	0.00200863	84.657
0.092296	0.00182603	86.5253
0.092296	0.00166002	88.0758
0.092296	0.00150911	89.3791
0.092296	0.00137192	90.4544
0.092296	0.0012472	91.3835
0.092296	0.00113382	92.2265
0.092296	0.00103074	92.9818
0.092296	0.000937041	93.6287
0.092296	0.000851855	94.1438
0.092296	0.000774414	94.5813
0.092296	0.000704013	94.9668
0.092296	0.000640011	95.3016
0.092296	0.000581829	95.5793
0.092296	0.000528935	95.8141
0.0839055	0.1	81.2549
0.0839055	0.0909091	78.5096
0.0839055	0.0826446	76.2773
0.0839055	0.0751315	74.3874
0.0839055	0.0683013	72.7185
0.0839055	0.0620921	71.1781
0.0839055	0.0564474	69.6512
0.0839055	0.0513158	66.443
0.0839055	0.0466507	56.8294
0.0839055	0.0424098	50.328
0.0839055	0.0385543	47.1063
0.0839055	0.0350494	45.1348
0.0839055	0.0318631	43.5917
0.0839055	0.0289664	42.2165
0.0839055	0.0263331	40.417
0.0839055	0.0239392	38.6274
0.0839055	0.0217629	37.4293
0.0839055	0.0197845	35.864
0.0839055	0.0179859	33.5094
0.0839055	0.0163508	31.011
0.0839055	0.0148644	28.6869
0.0839055	0.0135131	27.4658
0.0839055	0.0122846	27.4959
0.0839055	0.0111678	27.5596
0.0839055	0.0101526	28.1146
0.0839055	0.0092296	29.0223
0.0839055	0.00839055	29.8164
0.0839055	0.00762777	32.7107
0.0839055	0.00693433	37.3857
0.0839055	0.00630394	40.6191
0.0839055	0.00573086	43.6542
0.0839055	0.00520987	47.1023
0.0839055	0.00473624	50.3498
0.0839055	0.00430568	52.978
0.0839055	0.00391425	55.5138
0.0839055	0.00355841	58.2382
0.0839055	0.00323492	61.8701
0.0839055	0.00294083	66.7708
0.0839055	0.00267349	71.8546
0.0839055	0.00243044	75.9485
0.0839055	0.00220949	80.001
0.0839055	0.00200863	83.4723
0.0839055	0.00182603	85.3279
0.0839055	0.00166002	87.1201
0.0839055	0.00150911	88.5969
0.0839055	0.00137192	89.8175
0.0839055	0.0012472	90.813
0.0839055	0.00113382	91.7167
0.0839055	0.00103074	92.5218
0.0839055	0.000937041	93.2426
0.0839055	0.000851855	93.8375
0.0839055	0.000774414	94.3142
0.0839055	0.000704013	94.7323
0.0839055	0.000640011	95.101
0.0839055	0.000581829	95.4142
0.0839055	0.000528935	95.6751
0.0762777	0.1	86.0688
0.0762777	0.0909091	82.9469
0.0762777	0.0826446	80.4634
0.0762777	0.0751315	78.4055
0.0762777	0.0683013	76.6319
0.0762777	0.0620921	75.0384
0.0762777	0.0564474	73.5402
0.0762777	0.0513158	71.7786
0.0762777	0.0466507	64.349
0.0762777	0.0424098	54.2967
0.0762777	0.0385543	49.8558
0.0762777	0.0350494	47.355
0.0762777	0.0318631	45.5496
0.0762777	0.0289664	44.0718
0.0762777	0.0263331	42.5074
0.0762777	0.0239392	40.5993
0.0762777	0.0217629	39.0184
0.0762777	0.0197845	37.9026
0.0762777	0.0179859	35.708
0.0762777	0.0163508	33.0379
0.0762777	0.0148644	30.013
0.0762777	0.0135131	28.0908
0.0762777	0.0122846	27.3703
0.0762777	0.0111678	27.5183
0.0762777	0.0101526	27.72
0.0762777	0.0092296	28.3532
0.0762777	0.00839055	29.2848
0.0762777	0.00762777	30.1484
0.0762777	0.00693433	33.1674
0.0762777	0.00630394	38.2487
0.0762777	0.00573086	41.6716
0.0762777	0.00520987	44.3786
0.0762777	0.00473624	47.2583
0.0762777	0.00430568	50.6413
0.0762777	0.00391425	53.8278
0.0762777	0.00355841	56.2034
0.0762777	0.00323492	58.6619
0.0762777	0.00294083	62.3127
0.0762777	0.00267349	66.6849
0.0762777	0.00243044	71.3518
0.0762777	0.00220949	76.196
0.0762777	0.00200863	79.6408
0.0762777	0.00182603	83.8941
0.0762777	0.00166002	85.9611
0.0762777	0.00150911	87.705
0.0762777	0.00137192	89.0903
0.0762777	0.0012472	90.2246
0.0762777	0.00113382	91.1688
0.0762777	0.00103074	92.0342
0.0762777	0.000937041	92.8096
0.0762777	0.000851855	93.4862
0.0762777	0.000774414	94.0293
0.0762777	0.000704013	94.479
0.0762777	0.000640011	94.8789
0.0762777	0.000581829	95.2299
0.0762777	0.000528935	95.5202
0.0693433	0.1	91.3204
0.0693433	0.0909091	87.7284
0.0693433	0.0826446	84.9339
0.0693433	0.0751315	82.6674
0.0693433	0.0683013	80.7547
0.0693433	0.0620921	79.0789
0.0693433	0.0564474	77.5488
0.0693433	0.0513158	76.0779
0.0693433	0.0466507	72.6829
0.0693433	0.0424098	59.9323
0.0693433	0.0385543	53.1837
0.0693433	0.0350494	49.8687
0.0693433	0.0318631	47.7936
0.0693433	0.0289664	45.9782
0.0693433	0.0263331	44.5792
0.0693433	0.0239392	42.7452
0.0693433	0.0217629	40.8487
0.0693433	0.0197845	39.5301
0.0693433	0.0179859	38.241
0.0693433	0.0163508	35.4134
0.0693433	0.0148644	31.8763
0.0693433	0.0135131	29.022
0.0693433	0.0122846	27.8223
0.0693433	0.0111678	27.4319
0.0693433	0.0101526	27.7298
0.0693433	0.0092296	27.8968
0.0693433	0.00839055	28.2142
0.0693433	0.00762777	28.7595
0.0693433	0.00693433	30.2399
0.0693433	0.00630394	33.47
0.0693433	0.00573086	38.9799
0.0693433	0.00520987	42.7009
0.0693433	0.00473624	45.2244
0.0693433	0.00430568	48.2373
0.0693433	0.00391425	51.7957
0.0693433	0.00355841	54.6558
0.0693433	0.00323492	56.7009
0.0693433	0.00294083	59.097
0.0693433	0.00267349	61.817
0.0693433	0.00243044	66.5725
0.0693433	0.00220949	70.8737
0.0693433	0.00200863	75.6836
0.0693433	0.00182603	79.5509
0.0693433	0.00166002	83.7203
0.0693433	0.00150911	86.5662
0.0693433	0.00137192	88.2346
0.0693433	0.0012472	89.5629
0.0693433	0.00113382	90.6028
0.0693433	0.00103074	91.5199
0.0693433	0.000937041	92.3436
0.0693433	0.000851855	93.0865
0.0693433	0.000774414	93.7124
0.0693433	0.000704013	94.2092
0.0693433	0.000640011	94.6383
0.0693433	0.000581829	95.0209
0.0693433	0.000528935	95.3502
0.0630394	0.1	97.086
0.0630394	0.0909091	92.9018
0.0630394	0.0826446	89.7243
0.0630394	0.0751315	87.1962
0.0630394	0.0683013	85.1112
0.0630394	0.0620921	83.3222
0.0630394	0.0564474	81.7278
0.0630394	0.0513158	80.25
0.0630394	0.0466507	78.6867
0.0630394	0.0424098	68.9518
0.0630394	0.0385543	57.4217
0.0630394	0.0350494	52.8449
0.0630394	0.0318631	50.2316
0.0630394	0.0289664	48.2411
0.0630394	0.0263331	46.4356
0.0630394	0.0239392	44.9949
0.0630394	0.0217629	43.0226
0.0630394	0.0197845	41.2204
0.0630394	0.0179859	40.1356
0.0630394	0.0163508	38.066
0.0630394	0.0148644	34.5354
0.0630394	0.0135131	30.421
0.0630394	0.0122846	28.4613
0.0630394	0.0111678	27.7988
0.0630394	0.0101526	27.5831
0.0630394	0.0092296	27.9566
0.0630394	0.00839055	28.0944
0.0630394	0.00762777	28.102
0.0630394	0.00693433	29.0438
0.0630394	0.00630394	30.4437
0.0630394	0.00573086	33.7612
0.0630394	0.00520987	39.7635
0.0630394	0.00473624	43.6998
0.0630394	0.00430568	46.0611
0.0630394	0.00391425	48.4286
0.0630394	0.00355841	51.8027
0.0630394	0.00323492	55.0429
0.0630394	0.00294083	57.3614
0.0630394	0.00267349	59.5478
0.0630394	0.00243044	61.7515
0.0630394	0.00220949	66.4128
0.0630394	0.00200863	70.7401
0.0630394	0.00182603	74.9515
0.0630394	0.00166002	79.6056
0.0630394	0.00150911	83.5462
0.0630394	0.00137192	87.181
0.0630394	0.0012472	88.6214
0.0630394	0.00113382	90.0021
0.0630394	0.00103074	90.9688
0.0630394	0.000937041	91.8543
0.0630394	0.000851855	92.645
0.0630394	0.000774414	93.3475
0.0630394	0.000704013	93.9196
0.0630394	0.000640011	94.3816
0.0630394	0.000581829	94.7924
0.0630394	0.000528935	95.1586
0.0573086	0.1	103.467
0.0573086	0.0909091	98.5264
0.0573086	0.0826446	94.8732
0.0573086	0.0751315	92.0283
0.0573086	0.0683013	89.7223
0.0573086	0.0620921	87.7881
0.0573086	0.0564474	86.1035
0.0573086	0.0513158	84.5803
0.0573086	0.0466507	83.1448
0.0573086	0.0424098	80.0142
0.0573086	0.0385543	63.6919
0.0573086	0.0350494	56.4896
0.0573086	0.0318631	53.014
0.0573086	0.0289664	50.7097
0.0573086	0.0263331	48.7247
0.0573086	0.0239392	46.9034
0.0573086	0.0217629	45.3666
0.0573086	0.0197845	43.3243
0.0573086	0.0179859	41.7608
0.0573086	0.0163508	40.6874
0.0573086	0.0148644	37.5961
0.0573086	0.0135131	32.6832
0.0573086	0.0122846	29.3951
0.0573086	0.0111678	28.3081
0.0573086	0.0101526	27.889
0.0573086	0.0092296	27.7475
0.0573086	0.00839055	28.1538
0.0573086	0.00762777	28.2775
0.0573086	0.00693433	28.2944
0.0573086	0.00630394	29.3137
0.0573086	0.00573086	30.8375
0.0573086	0.00520987	34.0967
0.0573086	0.00473624	39.3717
0.0573086	0.00430568	44.406
0.0573086	0.00391425	46.9887
0.0573086	0.00355841	49.6139
0.0573086	0.00323492	52.4898
0.0573086	0.00294083	55.8244
0.0573086	0.00267349	57.9505
0.0573086	0.00243044	59.8628
0.0573086	0.00220949	62.0539
0.0573086	0.00200863	65.4515
0.0573086	0.00182603	70.6058
0.0573086	0.00166002	74.3148
0.0573086	0.00150911	79.278
0.0573086	0.00137192	83.1253
0.0573086	0.0012472	87.454
0.0573086	0.00113382	89.1271
0.0573086	0.00103074	90.3676
0.0573086	0.000937041	91.3346
0.0573086	0.000851855	92.1768
0.0573086	0.000774414	92.9361
0.0573086	0.000704013	93.5896
0.0573086	0.000640011	94.1106
0.0573086	0.000581829	94.5488
0.0573086	0.000528935	94.942
0.0520987	0.1	110.602
0.0520987	0.0909091	104.676
0.0520987	0.0826446	100.428
0.0520987	0.0751315	97.1912
0.0520987	0.0683013	94.6181
0.0520987	0.0620921	92.4989
0.0520987	0.0564474	90.6934
0.0520987	0.0513158	89.0983
0.0520987	0.0466507	87.6355
0.0520987	0.0424098	86.2307
0.0520987	0.0385543	74.5732
0.0520987	0.0350494	61.2443
0.0520987	0.0318631	56.3125
0.0520987	0.0289664	53.4734
0.0520987	0.0263331	51.1812
0.0520987	0.0239392	49.2114
0.0520987	0.0217629	47.3575
0.0520987	0.0197845	45.7047
0.0520987	0.0179859	43.667
0.0520987	0.0163508	42.4686
0.0520987	0.0148644	41.0431
0.0520987	0.0135131	36.2449
0.0520987	0.0122846	31.0146
0.0520987	0.0111678	29.0025
0.0520987	0.0101526	28.3395
0.0520987	0.0092296	28.0576
0.0520987	0.00839055	28.1796
0.0520987	0.00762777	28.3298
0.0520987	0.00693433	28.4244
0.0520987	0.00630394	28.4633
0.0520987	0.00573086	29.0237
0.0520987	0.00520987	30.4915
0.0520987	0.00473624	34.5673
0.0520987	0.00430568	39.4547
0.0520987	0.00391425	45.2078
0.0520987	0.00355841	47.6742
0.0520987	0.00323492	50.456
0.0520987	0.00294083	52.6003
0.0520987	0.00267349	55.6489
0.0520987	0.00243044	58.3397
0.0520987	0.00220949	60.0088
0.0520987	0.00200863	62.1987
0.0520987	0.00182603	65.5876
0.0520987	0.00166002	70.713
0.0520987	0.00150911	73.9824
0.0520987	0.00137192	78.7417
0.0520987	0.0012472	82.6467
0.0520987	0.00113382	87.1224
0.0520987	0.00103074	89.5926
0.0520987	0.000937041	90.7408
0.0520987	0.000851855	91.6652
0.0520987	0.000774414	92.491
0.0520987	0.000704013	93.213
0.0520987	0.000640011	93.8136
0.0520987	0.000581829	94.291
0.0520987	0.000528935	94.7096
0.0473624	0.1	118.694
0.0473624	0.0909091	111.449
0.0473624	0.0826446	106.448
0.0473624	0.0751315	102.728
0.0473624	0.0683013	99.8259
0.0473624	0.0620921	97.4809
0.0473624	0.0564474	95.5187
0.0473624	0.0513158	93.8239
0.0473624	0.0466507	92.3065
0.0473624	0.0424098	90.8961
0.0473624	0.0385543	89.1794
0.0473624	0.0350494	68.6232
0.0473624	0.0318631	60.3835
0.0473624	0.0289664	56.6132
0.0473624	0.0263331	53.9765
0.0473624	0.0239392	51.7749
0.0473624	0.0217629	49.7162
0.0473624	0.0197845	47.7413
0.0473624	0.0179859	46.0626
0.0473624	0.0163508	44.218
0.0473624	0.0148644	43.192
0.0473624	0.0135131	40.7012
0.0473624	0.0122846	33.8056
0.0473624	0.0111678	30.0537
0.0473624	0.0101526	28.92
0.0473624	0.0092296	28.455
0.0473624	0.00839055	28.3094
0.0473624	0.00762777	28.4905
0.0473624	0.00693433	28.4864
0.0473624	0.00630394	28.0231
0.0473624	0.00573086	28.6035
0.0473624	0.00520987	29.2674
0.0473624	0.00473624	31.0873
0.0473624	0.00430568	35.0958
0.0473624	0.00391425	39.2257
0.0473624	0.00355841	45.7947
0.0473624	0.00323492	48.4283
0.0473624	0.00294083	50.8488
0.0473624	0.00267349	53.236
0.0473624	0.00243044	55.8888
0.0473624	0.00220949	58.5706
0.0473624	0.00200863	60.4028
0.0473624	0.00182603	62.6302
0.0473624	0.00166002	65.8603
0.0473624	0.00150911	70.5376
0.0473624	0.00137192	73.8473
0.0473624	0.0012472	77.3849
0.0473624	0.00113382	82.5935
0.0473624	0.00103074	86.3139
0.0473624	0.000937041	89.8602
0.0473624	0.000851855	90.9914
0.0473624	0.000774414	91.9929
0.0473624	0.000704013	92.7936
0.0473624	0.000640011	93.4701
0.0473624	0.000581829	94.0178
0.0473624	0.000528935	94.4652
0.0430568	0.1	128.058
0.0430568	0.0909091	118.974
0.0430568	0.0826446	113.005
0.0430568	0.0751315	108.683
0.0430568	0.0683013	105.382
0.0430568	0.0620921	102.758
0.0430568	0.0564474	100.603
0.0430568	0.0513158	98.7761
0.0430568	0.0466507	97.1777
0.0430568	0.0424098	95.7283
0.0430568	0.0385543	94.3641
0.0430568	0.0350494	86.4955
0.0430568	0.0318631	66.2861
0.0430568	0.0289664	60.3212
0.0430568	0.0263331	57.1103
0.0430568	0.0239392	54.5331
0.0430568	0.0217629	52.3363
0.0430568	0.0197845	50.3408
0.0430568	0.0179859	48.0731
0.0430568	0.0163508	46.3733
0.0430568	0.0148644	44.9293
0.0430568	0.0135131	43.7696
0.0430568	0.0122846	37.3505
0.0430568	0.0111678	32.4967
0.0430568	0.0101526	29.7066
0.0430568	0.0092296	28.9798
0.0430568	0.00839055	28.6157
0.0430568	0.00762777	28.3861
0.0430568	0.00693433	28.7614
0.0430568	0.00630394	28.6464
0.0430568	0.00573086	28.0743
0.0430568	0.00520987	28.7379
0.0430568	0.00473624	29.3694
0.0430568	0.00430568	32.1184
0.0430568	0.00391425	36.1246
0.0430568	0.00355841	40.4273
0.0430568	0.00323492	46.6202
0.0430568	0.00294083	49.2309
0.0430568	0.00267349	51.7067
0.0430568	0.00243044	53.8685
0.0430568	0.00220949	55.3386
0.0430568	0.00200863	58.5677
0.0430568	0.00182603	61.2563
0.0430568	0.00166002	63.226
0.0430568	0.00150911	65.7562
0.0430568	0.00137192	69.7099
0.0430568	0.0012472	73.7144
0.0430568	0.00113382	76.433
0.0430568	0.00103074	82.0359
0.0430568	0.000937041	85.2641
0.0430568	0.000851855	89.6208
0.0430568	0.000774414	91.2917
0.0430568	0.000704013	92.2552
0.0430568	0.000640011	93.0834
0.0430568	0.000581829	93.7096
0.0430568	0.000528935	94.2074
0.0391425	0.1	139.214
0.0391425	0.0909091	127.439
0.0391425	0.0826446	120.191
0.0391425	0.0751315	115.116
0.0391425	0.0683013	111.32
0.0391425	0.0620921	108.358
0.0391425	0.0564474	105.967
0.0391425	0.0513158	103.977
0.0391425	0.0466507	102.268
0.0391425	0.0424098	100.753
0.0391425	0.0385543	99.3645
0.0391425	0.0350494	98.0419
0.0391425	0.0318631	76.9113
0.0391425	0.0289664	64.9885
0.0391425	0.0263331	60.7198
0.0391425	0.0239392	57.6538
0.0391425	0.0217629	55.2422
0.0391425	0.0197845	52.974
0.0391425	0.0179859	50.7794
0.0391425	0.0163508	48.4664
0.0391425	0.0148644	46.9427
0.0391425	0.0135131	45.7483
0.0391425	0.0122846	44.0748
0.0391425	0.0111678	35.0724
0.0391425	0.0101526	31.2326
0.0391425	0.0092296	29.6402
0.0391425	0.00839055	29.1131
0.0391425	0.00762777	28.8034
0.0391425	0.00693433	28.8501
0.0391425	0.00630394	28.9632
0.0391425	0.00573086	28.8023
0.0391425	0.00520987	28.2272
0.0391425	0.00473624	28.7716
0.0391425	0.00430568	29.5087
0.0391425	0.00391425	32.3755
0.0391425	0.00355841	36.3437
0.0391425	0.00323492	40.0152
0.0391425	0.00294083	46.4741
0.0391425	0.00267349	49.9932
0.0391425	0.00243044	52.1834
0.0391425	0.00220949	54.3419
0.0391425	0.00200863	55.5459
0.0391425	0.00182603	58.046
0.0391425	0.00166002	61.4216
0.0391425	0.00150911	63.2218
0.0391425	0.00137192	65.1973
0.0391425	0.0012472	68.2266
0.0391425	0.00113382	73.1094
0.0391425	0.00103074	75.8298
0.0391425	0.000937041	79.143
0.0391425	0.000851855	84.8768
0.0391425	0.000774414	89.2304
0.0391425	0.000704013	91.5764
0.0391425	0.000640011	92.447
0.0391425	0.000581829	93.3208
0.0391425	0.000528935	93.9293
0.0355841	0.1	153.073
0.0355841	0.0909091	137.124
0.0355841	0.0826446	128.131
0.0355841	0.0751315	122.095
0.0355841	0.0683013	117.689
0.0355841	0.0620921	114.314
0.0355841	0.0564474	111.631
0.0355841	0.0513158	109.443
0.0355841	0.0466507	107.594
0.0355841	0.0424098	105.988
0.0355841	0.0385543	104.55
0.0355841	0.0350494	103.216
0.0355841	0.0318631	101.395
0.0355841	0.0289664	73.6098
0.0355841	0.0263331	64.9691
0.0355841	0.0239392	61.216
0.0355841	0.0217629	58.3264
0.0355841	0.0197845	55.8442
0.0355841	0.0179859	53.7519
0.0355841	0.0163508	51.2978
0.0355841	0.0148644	48.8415
0.0355841	0.0135131	47.7247
0.0355841	0.0122846	46.6161
0.0355841	0.0111678	38.3556
0.0355841	0.0101526	34.8972
0.0355841	0.0092296	30.5367
0.0355841	0.00839055	29.7099
0.0355841	0.00762777	29.29
0.0355841	0.00693433	28.9986
0.0355841	0.00630394	29.1525
