1	1	40.5765
1	0.833333	37.4285
1	0.694444	34.563
1	0.578704	32.1214
1	0.482253	30.1454
1	0.401878	28.5795
1	0.334898	27.3125
1	0.279082	26.2229
1	0.232568	25.202
1	0.193807	24.1593
1	0.161506	23.0206
1	0.134588	21.7464
1	0.112157	20.3322
1	0.0934639	18.7746
1	0.0778866	17.1695
1	0.0649055	15.6968
1	0.0540879	14.4762
1	0.0450732	13.5552
1	0.037561	12.9324
1	0.0313009	12.562
1	0.0260841	12.3866
1	0.0217367	12.4563
1	0.0181139	12.9029
1	0.0150949	13.7909
1	0.0125791	15.2478
1	0.0104826	17.4843
1	0.0087355	20.2184
1	0.00727958	22.8563
1	0.00606632	24.9556
1	0.00505526	26.4554
1	0.00421272	27.4998
1	0.0035106	28.2317
1	0.0029255	28.7488
1	0.00243792	29.1165
1	0.0020316	29.3788
1	0.001693	29.5663
1	0.00141083	29.7004
1	0.00117569	29.7963
0.833333	1	48.0779
0.833333	0.833333	44.0693
0.833333	0.694444	40.3152
0.833333	0.578704	37.0642
0.833333	0.482253	34.4373
0.833333	0.401878	32.4058
0.833333	0.334898	30.8373
0.833333	0.279082	29.5677
0.833333	0.232568	28.4501
0.833333	0.193807	27.3689
0.833333	0.161506	26.2252
0.833333	0.134588	24.9368
0.833333	0.112157	23.4781
0.833333	0.0934639	21.8421
0.833333	0.0778866	19.9932
0.833333	0.0649055	18.0862
0.833333	0.0540879	16.3638
0.833333	0.0450732	14.9535
0.833333	0.037561	13.8934
0.833333	0.0313009	13.1706
0.833333	0.0260841	12.7063
0.833333	0.0217367	12.4233
0.833333	0.0181139	12.3994
0.833333	0.0150949	12.815
0.833333	0.0125791	13.7254
0.833333	0.0104826	15.3278
0.833333	0.0087355	17.834
0.833333	0.00727958	20.7852
0.833333	0.00606632	23.4733
0.833333	0.00505526	25.4866
0.833333	0.00421272	26.8654
0.833333	0.0035106	27.8065
0.833333	0.0029255	28.4586
0.833333	0.00243792	28.9158
0.833333	0.0020316	29.2388
0.833333	0.001693	29.4681
0.833333	0.00141083	29.6314
0.833333	0.00117569	29.7477
0.694444	1	57.2415
0.694444	0.833333	52.2421
0.694444	0.694444	47.3766
0.694444	0.578704	43.0412
0.694444	0.482253	39.4993
0.694444	0.401878	36.7934
0.694444	0.334898	34.7834
0.694444	0.279082	33.2502
0.694444	0.232568	31.9883
0.694444	0.193807	30.8419
0.694444	0.161506	29.6946
0.694444	0.134588	28.4367
0.694444	0.112157	26.9795
0.694444	0.0934639	25.3326
0.694444	0.0778866	23.4593
0.694444	0.0649055	21.2898
0.694444	0.0540879	19.0641
0.694444	0.0450732	17.099
0.694444	0.037561	15.5042
0.694444	0.0313009	14.3145
0.694444	0.0260841	13.4989
0.694444	0.0217367	12.9333
0.694444	0.0181139	12.5284
0.694444	0.0150949	12.4144
0.694444	0.0125791	12.8096
0.694444	0.0104826	13.7606
0.694444	0.0087355	15.5715
0.694444	0.00727958	18.3613
0.694444	0.00606632	21.4785
0.694444	0.00505526	24.1373
0.694444	0.00421272	26.011
0.694444	0.0035106	27.2528
0.694444	0.0029255	28.0897
0.694444	0.00243792	28.665
0.694444	0.0020316	29.0659
0.694444	0.001693	29.3478
0.694444	0.00141083	29.5472
0.694444	0.00117569	29.6886
0.578704	1	68.3555
0.578704	0.833333	62.2972
0.578704	0.694444	56.1126
0.578704	0.578704	50.3687
0.578704	0.482253	45.556
0.578704	0.401878	41.8708
0.578704	0.334898	39.2042
0.578704	0.279082	37.2784
0.578704	0.232568	35.7985
0.578704	0.193807	34.5409
0.578704	0.161506	33.3584
0.578704	0.134588	32.1358
0.578704	0.112157	30.7403
0.578704	0.0934639	29.0932
0.578704	0.0778866	27.2576
0.578704	0.0649055	25.1204
0.578704	0.0540879	22.6107
0.578704	0.0450732	20.0593
0.578704	0.037561	17.8694
0.578704	0.0313009	16.1059
0.578704	0.0260841	14.7991
0.578704	0.0217367	13.8995
0.578704	0.0181139	13.2226
0.578704	0.0150949	12.6755
0.578704	0.0125791	12.4916
0.578704	0.0104826	12.8821
0.578704	0.0087355	13.9049
0.578704	0.00727958	15.9951
0.578704	0.00606632	19.0629
0.578704	0.00505526	22.2702
0.578704	0.00421272	24.8154
0.578704	0.0035106	26.5103
0.578704	0.0029255	27.611
0.578704	0.00243792	28.3473
0.578704	0.0020316	28.8503
0.578704	0.001693	29.1995
0.578704	0.00141083	29.4442
0.578704	0.00117569	29.6167
0.482253	1	81.6915
0.482253	0.833333	74.619
0.482253	0.694444	66.986
0.482253	0.578704	59.5003
0.482253	0.482253	52.9641
0.482253	0.401878	47.8679
0.482253	0.334898	44.2176
0.482253	0.279082	41.6954
0.482253	0.232568	39.8879
0.482253	0.193807	38.4569
0.482253	0.161506	37.1908
0.482253	0.134588	35.9622
0.482253	0.112157	34.6489
0.482253	0.0934639	33.0759
0.482253	0.0778866	31.2254
0.482253	0.0649055	29.1902
0.482253	0.0540879	26.7608
0.482253	0.0450732	23.8904
0.482253	0.037561	21.0404
0.482253	0.0313009	18.6357
0.482253	0.0260841	16.7373
0.482253	0.0217367	15.328
0.482253	0.0181139	14.3514
0.482253	0.0150949	13.5497
0.482253	0.0125791	12.8431
0.482253	0.0104826	12.6213
0.482253	0.0087355	13.029
0.482253	0.00727958	14.1811
0.482253	0.00606632	16.6041
0.482253	0.00505526	19.9172
0.482253	0.00421272	23.1214
0.482253	0.0035106	25.4748
0.482253	0.0029255	26.9723
0.482253	0.00243792	27.9365
0.482253	0.0020316	28.5783
0.482253	0.001693	29.0152
0.482253	0.00141083	29.3175
0.482253	0.00117569	29.5289
0.401878	1	97.4574
0.401878	0.833333	89.5682
0.401878	0.694444	80.5206
0.401878	0.578704	71.0394
0.401878	0.482253	62.2595
0.401878	0.401878	55.1641
0.401878	0.334898	50.0447
0.401878	0.279082	46.6018
0.401878	0.232568	44.2907
0.401878	0.193807	42.6007
0.401878	0.161506	41.1971
0.401878	0.134588	39.9055
0.401878	0.112157	38.6205
0.401878	0.0934639	37.1872
0.401878	0.0778866	35.3795
0.401878	0.0649055	33.3267
0.401878	0.0540879	31.0522
0.401878	0.0450732	28.3379
0.401878	0.037561	25.0526
0.401878	0.0313009	21.9807
0.401878	0.0260841	19.3783
0.401878	0.0217367	17.3759
0.401878	0.0181139	15.8843
0.401878	0.0150949	14.8237
0.401878	0.0125791	13.867
0.401878	0.0104826	13.022
0.401878	0.0087355	12.7897
0.401878	0.00727958	13.2444
0.401878	0.00606632	14.6216
0.401878	0.00505526	17.4
0.401878	0.00421272	20.8889
0.401878	0.0035106	23.9865
0.401878	0.0029255	26.0895
0.401878	0.00243792	27.3913
0.401878	0.0020316	28.2283
0.401878	0.001693	28.7834
0.401878	0.00141083	29.1605
0.401878	0.00117569	29.421
0.334898	1	115.756
0.334898	0.833333	107.402
0.334898	0.694444	97.2162
0.334898	0.578704	85.7049
0.334898	0.482253	74.1982
0.334898	0.401878	64.3501
0.334898	0.334898	57.0647
0.334898	0.279082	52.195
0.334898	0.232568	49.0866
0.334898	0.193807	47.0006
0.334898	0.161506	45.3976
0.334898	0.134588	43.9913
0.334898	0.112157	42.6591
0.334898	0.0934639	41.3053
0.334898	0.0778866	39.6923
0.334898	0.0649055	37.5962
0.334898	0.0540879	35.3356
0.334898	0.0450732	32.7609
0.334898	0.037561	29.8002
0.334898	0.0313009	26.0495
0.334898	0.0260841	22.8134
0.334898	0.0217367	20.0904
0.334898	0.0181139	17.9993
0.334898	0.0150949	16.4555
0.334898	0.0125791	15.2914
0.334898	0.0104826	14.1257
0.334898	0.0087355	13.2108
0.334898	0.00727958	12.9959
0.334898	0.00606632	13.5267
0.334898	0.00505526	15.2481
0.334898	0.00421272	18.3744
0.334898	0.0035106	21.9374
0.334898	0.0029255	24.8201
0.334898	0.00243792	26.6454
0.334898	0.0020316	27.766
0.334898	0.001693	28.4869
0.334898	0.00141083	28.9638
0.334898	0.00117569	29.2877
0.279082	1	136.581
0.279082	0.833333	128.202
0.279082	0.694444	117.417
0.279082	0.578704	104.217
0.279082	0.482253	89.7508
0.279082	0.401878	76.3055
0.279082	0.334898	65.8862
0.279082	0.279082	58.8315
0.279082	0.232568	54.4382
0.279082	0.193807	51.7166
0.279082	0.161506	49.8187
0.279082	0.134588	48.255
0.279082	0.112157	46.817
0.279082	0.0934639	45.4347
0.279082	0.0778866	43.9879
0.279082	0.0649055	42.0865
0.279082	0.0540879	39.6881
0.279082	0.0450732	37.1653
0.279082	0.037561	34.317
0.279082	0.0313009	31.0406
0.279082	0.0260841	26.9216
0.279082	0.0217367	23.5104
0.279082	0.0181139	20.7391
0.279082	0.0150949	18.5843
0.279082	0.0125791	17.048
0.279082	0.0104826	15.7399
0.279082	0.0087355	14.3481
0.279082	0.00727958	13.4169
0.279082	0.00606632	13.247
0.279082	0.00505526	13.9113
0.279082	0.00421272	16.0572
0.279082	0.0035106	19.4913
0.279082	0.0029255	23.0105
0.279082	0.00243792	25.5846
0.279082	0.0020316	27.1388
0.279082	0.001693	28.0973
0.279082	0.00141083	28.7137
0.279082	0.00117569	29.1213
0.232568	1	159.864
0.232568	0.833333	151.865
0.232568	0.694444	141.181
0.232568	0.578704	127.09
0.232568	0.482253	109.977
0.232568	0.401878	92.2658
0.232568	0.334898	77.4402
0.232568	0.279082	67.107
0.232568	0.232568	60.6555
0.232568	0.193807	56.8732
0.232568	0.161506	54.505
0.232568	0.134588	52.7266
0.232568	0.112157	51.1512
0.232568	0.0934639	49.6617
0.232568	0.0778866	48.2237
0.232568	0.0649055	46.6204
0.232568	0.0540879	44.293
0.232568	0.0450732	41.6
0.232568	0.037561	38.7139
0.232568	0.0313009	35.7853
0.232568	0.0260841	31.9105
0.232568	0.0217367	27.652
0.232568	0.0181139	24.1563
0.232568	0.0150949	21.3175
0.232568	0.0125791	19.1154
0.232568	0.0104826	17.6032
0.232568	0.0087355	16.0618
0.232568	0.00727958	14.5401
0.232568	0.00606632	13.6291
0.232568	0.00505526	13.5384
0.232568	0.00421272	14.4537
0.232568	0.0035106	17.0591
0.232568	0.0029255	20.7004
0.232568	0.00243792	24.0451
0.232568	0.0020316	26.2603
0.232568	0.001693	27.5715
0.232568	0.00141083	28.3875
0.232568	0.00117569	28.9109
0.193807	1	185.547
0.193807	0.833333	178.195
0.193807	0.694444	168.244
0.193807	0.578704	154.387
0.193807	0.482253	135.719
0.193807	0.401878	113.753
0.193807	0.334898	93.1224
0.193807	0.279082	77.9475
0.193807	0.232568	68.2903
0.193807	0.193807	62.716
0.193807	0.161506	59.5504
0.193807	0.134588	57.439
0.193807	0.112157	55.7019
0.193807	0.0934639	54.0725
0.193807	0.0778866	52.5244
0.193807	0.0649055	51.0195
0.193807	0.0540879	49.101
0.193807	0.0450732	46.2691
0.193807	0.037561	43.2171
0.193807	0.0313009	40.0046
0.193807	0.0260841	37.0875
0.193807	0.0217367	32.3865
0.193807	0.0181139	28.1577
0.193807	0.0150949	24.6682
0.193807	0.0125791	21.8193
0.193807	0.0104826	19.6501
0.193807	0.0087355	18.0939
0.193807	0.00727958	16.2054
0.193807	0.00606632	14.6707
0.193807	0.00505526	13.8503
0.193807	0.00421272	13.8594
0.193807	0.0035106	15.1933
0.193807	0.0029255	18.2432
0.193807	0.00243792	21.9573
0.193807	0.0020316	24.989
0.193807	0.001693	26.8461
0.193807	0.00141083	27.9488
0.193807	0.00117569	28.6389
0.161506	1	213.645
0.161506	0.833333	207.042
0.161506	0.694444	198.174
0.161506	0.578704	185.609
0.161506	0.482253	167.166
0.161506	0.401878	142.201
0.161506	0.334898	114.914
0.161506	0.279082	92.7348
0.161506	0.232568	78.2468
0.161506	0.193807	69.7096
0.161506	0.161506	65.1398
0.161506	0.134588	62.4646
0.161506	0.112157	60.494
0.161506	0.0934639	58.7268
0.161506	0.0778866	57.0188
0.161506	0.0649055	55.4126
0.161506	0.0540879	53.7959
0.161506	0.0450732	51.2986
0.161506	0.037561	47.9524
0.161506	0.0313009	44.4275
0.161506	0.0260841	41.3206
0.161506	0.0217367	37.9729
0.161506	0.0181139	32.6472
0.161506	0.0150949	28.665
0.161506	0.0125791	25.0308
0.161506	0.0104826	22.2377
0.161506	0.0087355	20.2301
0.161506	0.00727958	18.4926
0.161506	0.00606632	16.365
0.161506	0.00505526	14.8072
0.161506	0.00421272	14.0928
0.161506	0.0035106	14.2744
0.161506	0.0029255	16.1208
0.161506	0.00243792	19.5519
0.161506	0.0020316	23.1918
0.161506	0.001693	25.8117
0.161506	0.00141083	27.3492
0.161506	0.00117569	28.2759
0.134588	1	244.253
0.134588	0.833333	238.394
0.134588	0.694444	230.657
0.134588	0.578704	219.901
0.134588	0.482253	203.548
0.134588	0.401878	178.236
0.134588	0.334898	145.134
0.134588	0.279082	113.564
0.134588	0.232568	91.8677
0.134588	0.193807	78.6883
0.134588	0.161506	71.6185
0.134588	0.134588	67.95
0.134588	0.112157	65.582
0.134588	0.0934639	63.6465
0.134588	0.0778866	61.7955
0.134588	0.0649055	60.0001
0.134588	0.0540879	58.3349
0.134588	0.0450732	56.4346
0.134588	0.037561	53.1709
0.134588	0.0313009	49.1669
0.134588	0.0260841	45.3472
0.134588	0.0217367	42.57
0.134588	0.0181139	38.2124
0.134588	0.0150949	32.7989
0.134588	0.0125791	28.936
0.134588	0.0104826	25.3151
0.134588	0.0087355	22.5878
0.134588	0.00727958	20.8467
0.134588	0.00606632	18.5612
0.134588	0.00505526	16.4635
0.134588	0.00421272	14.9388
0.134588	0.0035106	14.3489
0.134588	0.0029255	14.8452
0.134588	0.00243792	17.2654
0.134588	0.0020316	20.9302
0.134588	0.001693	24.3228
0.134588	0.00141083	26.5103
0.134588	0.00117569	27.7795
0.112157	1	277.533
0.112157	0.833333	272.367
0.112157	0.694444	265.658
0.112157	0.578704	256.62
0.112157	0.482253	243.331
0.112157	0.401878	220.952
0.112157	0.334898	185.421
0.112157	0.279082	143.567
0.112157	0.232568	111.014
0.112157	0.193807	91.0077
0.112157	0.161506	79.6538
0.112157	0.134588	74.1501
0.112157	0.112157	71.0907
0.112157	0.0934639	68.8672
0.112157	0.0778866	66.8825
0.112157	0.0649055	64.9146
0.112157	0.0540879	63.0272
0.112157	0.0450732	61.2916
0.112157	0.037561	58.6578
0.112157	0.0313009	54.5119
0.112157	0.0260841	49.8217
0.112157	0.0217367	46.5331
0.112157	0.0181139	43.3351
0.112157	0.0150949	37.9646
0.112157	0.0125791	33.2141
0.112157	0.0104826	28.999
0.112157	0.0087355	25.5564
0.112157	0.00727958	22.9987
0.112157	0.00606632	21.3739
0.112157	0.00505526	18.5286
0.112157	0.00421272	16.4948
0.112157	0.0035106	15.0915
0.112157	0.0029255	14.6406
0.112157	0.00243792	15.6231
0.112157	0.0020316	18.5938
0.112157	0.001693	22.3278
0.112157	0.00141083	25.3085
0.112157	0.00117569	27.0986
0.0934639	1	313.705
0.0934639	0.833333	309.156
0.0934639	0.694444	303.337
0.0934639	0.578704	295.709
0.0934639	0.482253	285.142
0.0934639	0.401878	267.916
0.0934639	0.334898	235.344
0.0934639	0.279082	186.188
0.0934639	0.232568	138.522
0.0934639	0.193807	108.534
0.0934639	0.161506	90.4998
0.0934639	0.134588	81.5186
0.0934639	0.112157	77.2302
0.0934639	0.0934639	74.4971
0.0934639	0.0778866	72.2948
0.0934639	0.0649055	70.2059
0.0934639	0.0540879	68.0841
0.0934639	0.0450732	66.1062
0.0934639	0.037561	64.2129
0.0934639	0.0313009	60.5044
0.0934639	0.0260841	54.9639
0.0934639	0.0217367	50.508
0.0934639	0.0181139	47.4964
0.0934639	0.0150949	43.633
0.0934639	0.0125791	37.7627
0.0934639	0.0104826	33.3636
0.0934639	0.0087355	28.9831
0.0934639	0.00727958	25.897
0.0934639	0.00606632	23.4651
0.0934639	0.00505526	21.6411
0.0934639	0.00421272	18.5009
0.0934639	0.0035106	16.6382
0.0934639	0.0029255	15.235
0.0934639	0.00243792	15.0181
0.0934639	0.0020316	16.5887
0.0934639	0.001693	20.0244
0.0934639	0.00141083	23.6334
0.0934639	0.00117569	26.1375
0.0778866	1	352.989
0.0778866	0.833333	348.996
0.0778866	0.694444	343.948
0.0778866	0.578704	337.455
0.0778866	0.482253	328.835
0.0778866	0.401878	316.292
0.0778866	0.334898	291.709
0.0778866	0.279082	242.489
0.0778866	0.232568	179.505
0.0778866	0.193807	133.303
0.0778866	0.161506	106.194
0.0778866	0.134588	90.9784
0.0778866	0.112157	84.3323
0.0778866	0.0934639	80.7239
0.0778866	0.0778866	78.1226
0.0778866	0.0649055	75.8584
0.0778866	0.0540879	73.614
0.0778866	0.0450732	71.2843
0.0778866	0.037561	69.2408
0.0778866	0.0313009	66.7371
0.0778866	0.0260841	61.5017
0.0778866	0.0217367	54.9498
0.0778866	0.0181139	51.6039
0.0778866	0.0150949	47.9009
0.0778866	0.0125791	43.4457
0.0778866	0.0104826	38.5874
0.0778866	0.0087355	33.1161
0.0778866	0.00727958	28.9915
0.0778866	0.00606632	26.2561
0.0778866	0.00505526	24.1443
0.0778866	0.00421272	21.9574
0.0778866	0.0035106	18.5698
0.0778866	0.0029255	16.7921
0.0778866	0.00243792	15.4466
0.0778866	0.0020316	15.5831
0.0778866	0.001693	17.7595
0.0778866	0.00141083	21.5183
0.0778866	0.00117569	24.7773
0.0649055	1	395.644
0.0649055	0.833333	392.134
0.0649055	0.694444	387.753
0.0649055	0.578704	382.193
0.0649055	0.482253	375.002
0.0649055	0.401878	365.316
0.0649055	0.334898	349.489
0.0649055	0.279082	309.913
0.0649055	0.232568	238.747
0.0649055	0.193807	168.865
0.0649055	0.161506	129.128
0.0649055	0.134588	104.448
0.0649055	0.112157	92.9727
0.0649055	0.0934639	87.8265
0.0649055	0.0778866	84.5369
0.0649055	0.0649055	81.94
0.0649055	0.0540879	79.5762
0.0649055	0.0450732	77.0247
0.0649055	0.037561	74.5032
0.0649055	0.0313009	72.4593
0.0649055	0.0260841	68.5021
0.0649055	0.0217367	60.4955
0.0649055	0.0181139	55.3478
0.0649055	0.0150949	51.643
0.0649055	0.0125791	48.5732
0.0649055	0.0104826	42.9981
0.0649055	0.0087355	38.9482
0.0649055	0.00727958	33.5302
0.0649055	0.00606632	29.149
0.0649055	0.00505526	26.5594
0.0649055	0.00421272	24.5563
0.0649055	0.0035106	21.9662
0.0649055	0.0029255	18.554
0.0649055	0.00243792	16.9428
0.0649055	0.0020316	15.789
0.0649055	0.001693	16.3337
0.0649055	0.00141083	19.069
0.0649055	0.00117569	22.9539
0.0540879	1	441.89
0.0540879	0.833333	438.828
0.0540879	0.694444	435.021
0.0540879	0.578704	430.24
0.0540879	0.482253	424.171
0.0540879	0.401878	416.27
0.0540879	0.334898	405.343
0.0540879	0.279082	381.575
0.0540879	0.232568	314.773
0.0540879	0.193807	223.894
0.0540879	0.161506	160.67
0.0540879	0.134588	124.934
0.0540879	0.112157	104.397
0.0540879	0.0934639	96.2299
0.0540879	0.0778866	91.7884
0.0540879	0.0649055	88.614
0.0540879	0.0540879	85.9588
0.0540879	0.0450732	83.3827
0.0540879	0.037561	80.3119
0.0540879	0.0313009	77.8053
0.0540879	0.0260841	75.707
0.0540879	0.0217367	69.4357
0.0540879	0.0181139	59.7488
0.0540879	0.0150949	55.4263
0.0540879	0.0125791	52.6775
0.0540879	0.0104826	48.8908
0.0540879	0.0087355	42.8586
0.0540879	0.00727958	39.1399
0.0540879	0.00606632	33.4381
0.0540879	0.00505526	29.6057
0.0540879	0.00421272	27.1112
0.0540879	0.0035106	24.7633
0.0540879	0.0029255	22.2189
0.0540879	0.00243792	18.7896
0.0540879	0.0020316	17.0854
0.0540879	0.001693	16.3297
0.0540879	0.00141083	17.2911
0.0540879	0.00117569	20.4883
0.0450732	1	491.97
0.0450732	0.833333	489.292
0.0450732	0.694444	485.982
0.0450732	0.578704	481.874
0.0450732	0.482253	476.714
0.0450732	0.401878	470.13
0.0450732	0.334898	461.522
0.0450732	0.279082	448.598
0.0450732	0.232568	403.406
0.0450732	0.193807	304.033
0.0450732	0.161506	206.291
0.0450732	0.134588	154.645
0.0450732	0.112157	121.676
0.0450732	0.0934639	106.67
0.0450732	0.0778866	100.238
0.0450732	0.0649055	96.1056
0.0450732	0.0540879	92.9306
0.0450732	0.0450732	90.1989
0.0450732	0.037561	86.9063
0.0450732	0.0313009	83.5678
0.0450732	0.0260841	81.3171
0.0450732	0.0217367	78.3917
0.0450732	0.0181139	66.5211
0.0450732	0.0150949	59.9467
0.0450732	0.0125791	55.7552
0.0450732	0.0104826	53.5834
0.0450732	0.0087355	47.8094
0.0450732	0.00727958	43.3996
0.0450732	0.00606632	38.8837
0.0450732	0.00505526	33.4079
0.0450732	0.00421272	29.7945
0.0450732	0.0035106	27.3609
0.0450732	0.0029255	24.8638
0.0450732	0.00243792	22.598
0.0450732	0.0020316	19.113
0.0450732	0.001693	17.3392
0.0450732	0.00141083	16.9717
0.0450732	0.00117569	18.4651
0.037561	1	546.06
0.037561	0.833333	543.721
0.037561	0.694444	540.858
0.037561	0.578704	537.317
0.037561	0.482253	532.919
0.037561	0.401878	527.384
0.037561	0.334898	520.307
0.037561	0.279082	510.994
0.037561	0.232568	491.761
0.037561	0.193807	401.98
0.037561	0.161506	279.091
0.037561	0.134588	194.31
0.037561	0.112157	148.979
0.037561	0.0934639	120.848
0.037561	0.0778866	110.437
0.037561	0.0649055	104.735
0.037561	0.0540879	100.716
0.037561	0.0450732	97.5224
0.037561	0.037561	94.341
0.037561	0.0313009	89.9435
0.037561	0.0260841	87.0984
0.037561	0.0217367	84.9324
0.037561	0.0181139	80.4666
0.037561	0.0150949	65.1908
0.037561	0.0125791	58.5008
0.037561	0.0104826	56.9689
0.037561	0.0087355	54.1916
0.037561	0.00727958	47.925
0.037561	0.00606632	43.9677
0.037561	0.00505526	38.8963
0.037561	0.00421272	34.087
0.037561	0.0035106	30.0036
0.037561	0.0029255	27.4668
0.037561	0.00243792	25.0637
0.037561	0.0020316	23.347
0.037561	0.001693	19.4782
0.037561	0.00141083	17.7422
0.037561	0.00117569	17.6655
0.0313009	1	604.326
0.0313009	0.833333	602.296
0.0313009	0.694444	599.814
0.0313009	0.578704	596.776
0.0313009	0.482253	593.016
0.0313009	0.401878	588.342
0.0313009	0.334898	582.454
0.0313009	0.279082	574.911
0.0313009	0.232568	564.73
0.0313009	0.193807	518.024
0.0313009	0.161506	383.331
0.0313009	0.134588	253.864
0.0313009	0.112157	185.466
0.0313009	0.0934639	143.971
0.0313009	0.0778866	123.357
0.0313009	0.0649055	114.971
0.0313009	0.0540879	109.598
0.0313009	0.0450732	105.622
0.0313009	0.037561	102.32
0.0313009	0.0313009	97.2572
0.0313009	0.0260841	93.1647
0.0313009	0.0217367	90.8632
0.0313009	0.0181139	89.813
0.0313009	0.0150949	80.5662
0.0313009	0.0125791	65.2435
0.0313009	0.0104826	60.3736
0.0313009	0.0087355	57.9915
0.0313009	0.00727958	53.822
0.0313009	0.00606632	48.9122
0.0313009	0.00505526	44.4261
0.0313009	0.00421272	38.8442
0.0313009	0.0035106	34.4739
0.0313009	0.0029255	30.9419
0.0313009	0.00243792	27.8023
0.0313009	0.0020316	25.4577
0.0313009	0.001693	23.7823
0.0313009	0.00141083	20.4841
0.0313009	0.00117569	18.2735
0.0260841	1	666.888
0.0260841	0.833333	665.146
0.0260841	0.694444	663.008
0.0260841	0.578704	660.393
0.0260841	0.482253	657.194
0.0260841	0.401878	653.231
0.0260841	0.334898	648.303
0.0260841	0.279082	642.09
0.0260841	0.232568	634.121
0.0260841	0.193807	621.108
0.0260841	0.161506	505.142
0.0260841	0.134588	351.502
0.0260841	0.112157	237.914
0.0260841	0.0934639	180.697
0.0260841	0.0778866	141.492
0.0260841	0.0649055	127.546
0.0260841	0.0540879	119.985
0.0260841	0.0450732	114.775
0.0260841	0.037561	110.875
0.0260841	0.0313009	105.959
0.0260841	0.0260841	99.8102
0.0260841	0.0217367	97.067
0.0260841	0.0181139	96.2172
0.0260841	0.0150949	95.5969
0.0260841	0.0125791	72.8541
0.0260841	0.0104826	63.7733
0.0260841	0.0087355	61.8996
0.0260841	0.00727958	57.5706
0.0260841	0.00606632	55.4205
0.0260841	0.00505526	50.0159
0.0260841	0.00421272	44.846
0.0260841	0.0035106	39.8197
0.0260841	0.0029255	35.8274
0.0260841	0.00243792	31.8586
0.0260841	0.0020316	28.1411
0.0260841	0.001693	25.8731
0.0260841	0.00141083	24.1178
0.0260841	0.00117569	20.9908
0.0217367	1	733.882
0.0217367	0.833333	732.367
0.0217367	0.694444	730.547
0.0217367	0.578704	728.312
0.0217367	0.482253	725.579
0.0217367	0.401878	722.235
0.0217367	0.334898	718.091
0.0217367	0.279082	712.937
0.0217367	0.232568	706.438
0.0217367	0.193807	698.101
0.0217367	0.161506	667.512
0.0217367	0.134588	478.773
0.0217367	0.112157	315.299
0.0217367	0.0934639	227.43
0.0217367	0.0778866	174.153
0.0217367	0.0649055	143.816
0.0217367	0.0540879	132.495
0.0217367	0.0450732	125.357
0.0217367	0.037561	120.327
0.0217367	0.0313009	115.986
0.0217367	0.0260841	107.23
0.0217367	0.0217367	103.596
0.0217367	0.0181139	103.098
0.0217367	0.0150949	102.647
0.0217367	0.0125791	101.454
0.0217367	0.0104826	70.4985
0.0217367	0.0087355	66.9292
0.0217367	0.00727958	63.6195
0.0217367	0.00606632	59.316
0.0217367	0.00505526	56.3291
0.0217367	0.00421272	51.3219
0.0217367	0.0035106	45.2969
0.0217367	0.0029255	40.6172
0.0217367	0.00243792	37.0069
0.0217367	0.0020316	32.5268
0.0217367	0.001693	28.8941
0.0217367	0.00141083	27.1966
0.0217367	0.00117569	24.5964
0.0181139	1	805.379
0.0181139	0.833333	804.084
0.0181139	0.694444	802.512
0.0181139	0.578704	800.625
0.0181139	0.482253	798.308
0.0181139	0.401878	795.474
0.0181139	0.334898	792.005
0.0181139	0.279082	787.709
0.0181139	0.232568	782.365
0.0181139	0.193807	775.626
0.0181139	0.161506	766.901
0.0181139	0.134588	665.193
0.0181139	0.112157	450.35
0.0181139	0.0934639	288.831
0.0181139	0.0778866	224.436
0.0181139	0.0649055	167.926
0.0181139	0.0540879	148.127
0.0181139	0.0450732	137.895
0.0181139	0.037561	131.083
0.0181139	0.0313009	126.317
0.0181139	0.0260841	116.034
0.0181139	0.0217367	110.525
0.0181139	0.0181139	110.435
0.0181139	0.0150949	110.207
0.0181139	0.0125791	109.644
0.0181139	0.0104826	101.775
0.0181139	0.0087355	71.6508
0.0181139	0.00727958	68.5337
0.0181139	0.00606632	63.8537
0.0181139	0.00505526	60.7766
0.0181139	0.00421272	57.7554
0.0181139	0.0035106	53.9468
0.0181139	0.0029255	47.1332
0.0181139	0.00243792	41.8376
0.0181139	0.0020316	37.5119
0.0181139	0.001693	33.3135
0.0181139	0.00141083	30.6212
0.0181139	0.00117569	27.4132
0.0150949	1	881.454
0.0150949	0.833333	880.354
0.0150949	0.694444	879.022
0.0150949	0.578704	877.406
0.0150949	0.482253	875.464
0.0150949	0.401878	873.082
0.0150949	0.334898	870.168
0.0150949	0.279082	866.602
0.0150949	0.232568	862.186
0.0150949	0.193807	856.695
0.0150949	0.161506	849.773
0.0150949	0.134588	838.87
0.0150949	0.112157	597.511
0.0150949	0.0934639	416.575
0.0150949	0.0778866	279.609
0.0150949	0.0649055	216.673
0.0150949	0.0540879	168.943
0.0150949	0.0450732	153.205
0.0150949	0.037561	143.662
0.0150949	0.0313009	137.27
0.0150949	0.0260841	131.208
0.0150949	0.0217367	117.995
0.0150949	0.0181139	118.311
0.0150949	0.0150949	118.248
0.0150949	0.0125791	117.876
0.0150949	0.0104826	117.203
0.0150949	0.0087355	91.4492
0.0150949	0.00727958	74.1622
0.0150949	0.00606632	68.2858
0.0150949	0.00505526	64.6675
0.0150949	0.00421272	62.174
0.0150949	0.0035106	58.9626
0.0150949	0.0029255	54.8933
0.0150949	0.00243792	49.8832
0.0150949	0.0020316	43.4117
0.0150949	0.001693	38.5457
0.0150949	0.00141083	35.0485
0.0150949	0.00117569	31.6992
0.0125791	1	962.169
0.0125791	0.833333	961.241
0.0125791	0.694444	960.12
0.0125791	0.578704	958.762
0.0125791	0.482253	957.115
0.0125791	0.401878	955.135
0.0125791	0.334898	952.707
0.0125791	0.279082	949.739
0.0125791	0.232568	946.107
0.0125791	0.193807	941.61
0.0125791	0.161506	936.023
0.0125791	0.134588	928.986
0.0125791	0.112157	905.202
0.0125791	0.0934639	586.271
0.0125791	0.0778866	360.535
0.0125791	0.0649055	283.401
0.0125791	0.0540879	203.557
0.0125791	0.0450732	172.733
0.0125791	0.037561	158.753
0.0125791	0.0313009	149.865
0.0125791	0.0260841	143.904
0.0125791	0.0217367	126.147
0.0125791	0.0181139	126.752
0.0125791	0.0150949	126.828
0.0125791	0.0125791	126.593
0.0125791	0.0104826	126.109
0.0125791	0.0087355	125.338
0.0125791	0.00727958	95.1419
0.0125791	0.00606632	77.715
0.0125791	0.00505526	71.9646
0.0125791	0.00421272	67.7189
0.0125791	0.0035106	65.1799
0.0125791	0.0029255	61.3937
0.0125791	0.00243792	57.4611
0.0125791	0.0020316	51.4443
0.0125791	0.001693	45.7429
0.0125791	0.00141083	40.0926
0.0125791	0.00117569	36.3832
0.0104826	1	1047.55
0.0104826	0.833333	1046.77
0.0104826	0.694444	1045.84
0.0104826	0.578704	1044.71
0.0104826	0.482253	1043.33
0.0104826	0.401878	1041.67
0.0104826	0.334898	1039.67
0.0104826	0.279082	1037.23
0.0104826	0.232568	1034.23
0.0104826	0.193807	1030.57
0.0104826	0.161506	1026.04
0.0104826	0.134588	1020.41
0.0104826	0.112157	1013.34
0.0104826	0.0934639	941.84
0.0104826	0.0778866	580.497
0.0104826	0.0649055	344.17
0.0104826	0.0540879	291.223
0.0104826	0.0450732	200.345
0.0104826	0.037561	177.473
0.0104826	0.0313009	164.745
0.0104826	0.0260841	156.56
0.0104826	0.0217367	147.78
0.0104826	0.0181139	135.728
0.0104826	0.0150949	135.954
0.0104826	0.0125791	135.839
0.0104826	0.0104826	135.489
0.0104826	0.0087355	134.913
0.0104826	0.00727958	134.057
0.0104826	0.00606632	86.5194
0.0104826	0.00505526	78.4329
0.0104826	0.00421272	74.4361
0.0104826	0.0035106	70.7491
0.0104826	0.0029255	67.3416
0.0104826	0.00243792	63.8747
0.0104826	0.0020316	59.9316
0.0104826	0.001693	54.298
0.0104826	0.00141083	47.2554
0.0104826	0.00117569	42.2458
