1	1	71.3282
1	0.833333	67.9366
1	0.694444	64.892
1	0.578704	62.3
1	0.482253	60.1894
1	0.401878	58.5086
1	0.334898	57.1494
1	0.279082	55.9839
1	0.232568	54.8856
1	0.193807	53.7277
1	0.161506	52.3346
1	0.134588	50.4235
1	0.112157	48.2197
1	0.0934639	46.5052
1	0.0778866	46.2685
1	0.0649055	48.7119
1	0.0540879	54.5806
1	0.0450732	63.9954
1	0.037561	75.7886
1	0.0313009	87.3407
1	0.0260841	96.9737
1	0.0217367	104.147
1	0.0181139	109.217
1	0.0150949	112.789
1	0.0125791	115.318
1	0.0104826	117.117
1	0.0087355	118.402
1	0.00727958	119.321
1	0.00606632	119.979
1	0.00505526	120.45
1	0.00421272	120.786
1	0.0035106	121.026
1	0.0029255	121.197
1	0.00243792	121.318
1	0.0020316	121.405
1	0.001693	121.466
1	0.00141083	121.509
1	0.00117569	121.54
0.833333	1	79.7163
0.833333	0.833333	75.3601
0.833333	0.694444	71.3608
0.833333	0.578704	67.9014
0.833333	0.482253	65.0751
0.833333	0.401878	62.8651
0.833333	0.334898	61.1552
0.833333	0.279082	59.7846
0.833333	0.232568	58.5952
0.833333	0.193807	57.4457
0.833333	0.161506	56.1953
0.833333	0.134588	54.6028
0.833333	0.112157	52.1691
0.833333	0.0934639	49.2874
0.833333	0.0778866	46.882
0.833333	0.0649055	46.1756
0.833333	0.0540879	48.6529
0.833333	0.0450732	55.0915
0.833333	0.037561	65.5648
0.833333	0.0313009	78.2166
0.833333	0.0260841	90.0281
0.833333	0.0217367	99.409
0.833333	0.0181139	106.084
0.833333	0.0150949	110.687
0.833333	0.0125791	113.885
0.833333	0.0104826	116.127
0.833333	0.0087355	117.712
0.833333	0.00727958	118.838
0.833333	0.00606632	119.639
0.833333	0.00505526	120.21
0.833333	0.00421272	120.617
0.833333	0.0035106	120.907
0.833333	0.0029255	121.113
0.833333	0.00243792	121.259
0.833333	0.0020316	121.363
0.833333	0.001693	121.436
0.833333	0.00141083	121.488
0.833333	0.00117569	121.525
0.694444	1	90.1424
0.694444	0.833333	84.6414
0.694444	0.694444	79.4456
0.694444	0.578704	74.8462
0.694444	0.482253	71.0311
0.694444	0.401878	68.0573
0.694444	0.334898	65.8267
0.694444	0.279082	64.1403
0.694444	0.232568	62.7888
0.694444	0.193807	61.5938
0.694444	0.161506	60.4088
0.694444	0.134588	59.0866
0.694444	0.112157	57.2941
0.694444	0.0934639	54.245
0.694444	0.0778866	50.6498
0.694444	0.0649055	47.5201
0.694444	0.0540879	46.408
0.694444	0.0450732	49.0691
0.694444	0.037561	56.258
0.694444	0.0313009	67.8804
0.694444	0.0260841	81.172
0.694444	0.0217367	92.9703
0.694444	0.0181139	101.862
0.694444	0.0150949	107.937
0.694444	0.0125791	112.056
0.694444	0.0104826	114.886
0.694444	0.0087355	116.857
0.694444	0.00727958	118.244
0.694444	0.00606632	119.224
0.694444	0.00505526	119.919
0.694444	0.00421272	120.412
0.694444	0.0035106	120.763
0.694444	0.0029255	121.012
0.694444	0.00243792	121.188
0.694444	0.0020316	121.313
0.694444	0.001693	121.401
0.694444	0.00141083	121.464
0.694444	0.00117569	121.508
0.578704	1	102.94
0.578704	0.833333	96.1445
0.578704	0.694444	89.4977
0.578704	0.578704	83.4379
0.578704	0.482253	78.286
0.578704	0.401878	74.2165
0.578704	0.334898	71.2058
0.578704	0.279082	69.0316
0.578704	0.232568	67.4084
0.578704	0.193807	66.0916
0.578704	0.161506	64.896
0.578704	0.134588	63.6799
0.578704	0.112157	62.2951
0.578704	0.0934639	60.2548
0.578704	0.0778866	56.4849
0.578704	0.0649055	52.1351
0.578704	0.0540879	48.2993
0.578704	0.0450732	46.9078
0.578704	0.037561	49.9533
0.578704	0.0313009	58.1332
0.578704	0.0260841	70.8988
0.578704	0.0217367	84.5589
0.578704	0.0181139	96.0397
0.578704	0.0150949	104.239
0.578704	0.0125791	109.668
0.578704	0.0104826	113.307
0.578704	0.0087355	115.789
0.578704	0.00727958	117.51
0.578704	0.00606632	118.715
0.578704	0.00505526	119.564
0.578704	0.00421272	120.164
0.578704	0.0035106	120.589
0.578704	0.0029255	120.889
0.578704	0.00243792	121.102
0.578704	0.0020316	121.253
0.578704	0.001693	121.359
0.578704	0.00141083	121.434
0.578704	0.00117569	121.487
0.482253	1	118.478
0.482253	0.833333	110.316
0.482253	0.694444	101.99
0.482253	0.578704	94.1196
0.482253	0.482253	87.216
0.482253	0.401878	81.6118
0.482253	0.334898	77.4367
0.482253	0.279082	74.5093
0.482253	0.232568	72.4521
0.482253	0.193807	70.9116
0.482253	0.161506	69.6292
0.482253	0.134588	68.4253
0.482253	0.112157	67.1712
0.482253	0.0934639	65.7216
0.482253	0.0778866	63.3069
0.482253	0.0649055	58.7399
0.482253	0.0540879	53.5691
0.482253	0.0450732	49.1229
0.482253	0.037561	47.6484
0.482253	0.0313009	51.3231
0.482253	0.0260841	60.7536
0.482253	0.0217367	74.5038
0.482253	0.0181139	88.2428
0.482253	0.0150949	99.1037
0.482253	0.0125791	106.468
0.482253	0.0104826	111.254
0.482253	0.0087355	114.435
0.482253	0.00727958	116.595
0.482253	0.00606632	118.088
0.482253	0.00505526	119.13
0.482253	0.00421272	119.862
0.482253	0.0035106	120.378
0.482253	0.0029255	120.741
0.482253	0.00243792	120.998
0.482253	0.0020316	121.18
0.482253	0.001693	121.308
0.482253	0.00141083	121.398
0.482253	0.00117569	121.462
0.401878	1	137.105
0.401878	0.833333	127.645
0.401878	0.694444	117.506
0.401878	0.578704	107.488
0.401878	0.482253	98.3661
0.401878	0.401878	90.693
0.401878	0.334898	84.8112
0.401878	0.279082	80.7172
0.401878	0.232568	77.9762
0.401878	0.193807	76.068
0.401878	0.161506	74.6088
0.401878	0.134588	73.3458
0.401878	0.112157	72.1133
0.401878	0.0934639	70.8076
0.401878	0.0778866	69.2778
0.401878	0.0649055	66.2889
0.401878	0.0540879	60.8539
0.401878	0.0450732	54.7753
0.401878	0.037561	49.8785
0.401878	0.0313009	48.6441
0.401878	0.0260841	53.2497
0.401878	0.0217367	64.1526
0.401878	0.0181139	78.5791
0.401878	0.0150949	92.0621
0.401878	0.0125791	102.043
0.401878	0.0104826	108.512
0.401878	0.0087355	112.684
0.401878	0.00727958	115.44
0.401878	0.00606632	117.308
0.401878	0.00505526	118.596
0.401878	0.00421272	119.493
0.401878	0.0035106	120.121
0.401878	0.0029255	120.562
0.401878	0.00243792	120.873
0.401878	0.0020316	121.092
0.401878	0.001693	121.247
0.401878	0.00141083	121.355
0.401878	0.00117569	121.432
0.334898	1	159.083
0.334898	0.833333	148.596
0.334898	0.694444	136.691
0.334898	0.578704	124.282
0.334898	0.482253	112.469
0.334898	0.401878	102.12
0.334898	0.334898	93.8374
0.334898	0.279082	87.9433
0.334898	0.232568	84.1149
0.334898	0.193807	81.6205
0.334898	0.161506	79.8637
0.334898	0.134588	78.466
0.334898	0.112157	77.1933
0.334898	0.0934639	75.8986
0.334898	0.0778866	74.5358
0.334898	0.0649055	72.8673
0.334898	0.0540879	69.0468
0.334898	0.0450732	62.6086
0.334898	0.037561	55.7144
0.334898	0.0313009	50.5427
0.334898	0.0260841	49.9092
0.334898	0.0217367	55.8265
0.334898	0.0181139	68.2562
0.334898	0.0150949	83.0155
0.334898	0.0125791	95.8439
0.334898	0.0104826	104.751
0.334898	0.0087355	110.354
0.334898	0.00727958	113.955
0.334898	0.00606632	116.328
0.334898	0.00505526	117.934
0.334898	0.00421272	119.04
0.334898	0.0035106	119.808
0.334898	0.0029255	120.345
0.334898	0.00243792	120.722
0.334898	0.0020316	120.987
0.334898	0.001693	121.173
0.334898	0.00141083	121.304
0.334898	0.00117569	121.396
0.279082	1	184.513
0.279082	0.833333	173.499
0.279082	0.694444	160.159
0.279082	0.578704	145.328
0.279082	0.482253	130.436
0.279082	0.401878	116.779
0.279082	0.334898	105.295
0.279082	0.279082	96.7121
0.279082	0.232568	91.127
0.279082	0.193807	87.6909
0.279082	0.161506	85.4557
0.279082	0.134588	83.826
0.279082	0.112157	82.4547
0.279082	0.0934639	81.1224
0.279082	0.0778866	79.736
0.279082	0.0649055	78.3268
0.279082	0.0540879	76.3323
0.279082	0.0450732	71.3858
0.279082	0.037561	63.8747
0.279082	0.0313009	56.4839
0.279082	0.0260841	51.1846
0.279082	0.0217367	51.5254
0.279082	0.0181139	59.1013
0.279082	0.0150949	72.8528
0.279082	0.0125791	87.6292
0.279082	0.0104826	99.436
0.279082	0.0087355	107.181
0.279082	0.00727958	111.992
0.279082	0.00606632	115.073
0.279082	0.00505526	117.104
0.279082	0.00421272	118.479
0.279082	0.0035106	119.425
0.279082	0.0029255	120.081
0.279082	0.00243792	120.538
0.279082	0.0020316	120.859
0.279082	0.001693	121.083
0.279082	0.00141083	121.241
0.279082	0.00117569	121.352
0.232568	1	213.303
0.232568	0.833333	202.434
0.232568	0.694444	188.36
0.232568	0.578704	171.437
0.232568	0.482253	153.28
0.232568	0.401878	135.787
0.232568	0.334898	120.255
0.232568	0.279082	107.898
0.232568	0.232568	99.4961
0.232568	0.193807	94.4962
0.232568	0.161506	91.493
0.232568	0.134588	89.4897
0.232568	0.112157	87.946
0.232568	0.0934639	86.5448
0.232568	0.0778866	85.0736
0.232568	0.0649055	83.6216
0.232568	0.0540879	82.1623
0.232568	0.0450732	79.5925
0.232568	0.037561	73.2805
0.232568	0.0313009	64.6104
0.232568	0.0260841	56.9338
0.232568	0.0217367	51.9334
0.232568	0.0181139	53.6691
0.232568	0.0150949	63.2254
0.232568	0.0125791	77.8128
0.232568	0.0104826	92.1971
0.232568	0.0087355	102.735
0.232568	0.00727958	109.33
0.232568	0.00606632	113.429
0.232568	0.00505526	116.049
0.232568	0.00421272	117.78
0.232568	0.0035106	118.952
0.232568	0.0029255	119.757
0.232568	0.00243792	120.315
0.232568	0.0020316	120.704
0.232568	0.001693	120.976
0.232568	0.00141083	121.166
0.232568	0.00117569	121.3
0.193807	1	245.226
0.193807	0.833333	235.166
0.193807	0.694444	221.367
0.193807	0.578704	203.264
0.193807	0.482253	182.006
0.193807	0.401878	160.337
0.193807	0.334898	140.094
0.193807	0.279082	122.767
0.193807	0.232568	110.106
0.193807	0.193807	102.435
0.193807	0.161506	98.1562
0.193807	0.134588	95.556
0.193807	0.112157	93.732
0.193807	0.0934639	92.2132
0.193807	0.0778866	90.6705
0.193807	0.0649055	89.0465
0.193807	0.0540879	87.5745
0.193807	0.0450732	85.9929
0.193807	0.037561	82.6978
0.193807	0.0313009	74.6199
0.193807	0.0260841	64.9988
0.193807	0.0217367	57.0232
0.193807	0.0181139	52.9129
0.193807	0.0150949	56.4729
0.193807	0.0125791	68.0606
0.193807	0.0104826	83.0604
0.193807	0.0087355	96.5051
0.193807	0.00727958	105.646
0.193807	0.00606632	111.209
0.193807	0.00505526	114.677
0.193807	0.00421272	116.895
0.193807	0.0035106	118.364
0.193807	0.0029255	119.359
0.193807	0.00243792	120.043
0.193807	0.0020316	120.516
0.193807	0.001693	120.846
0.193807	0.00141083	121.076
0.193807	0.00117569	121.237
0.161506	1	280.074
0.161506	0.833333	271.22
0.161506	0.694444	258.747
0.161506	0.578704	240.96
0.161506	0.482253	217.58
0.161506	0.401878	191.512
0.161506	0.334898	166.294
0.161506	0.279082	143.001
0.161506	0.232568	124.384
0.161506	0.193807	112.281
0.161506	0.161506	105.753
0.161506	0.134588	102.177
0.161506	0.112157	99.9054
0.161506	0.0934639	98.1868
0.161506	0.0778866	96.5927
0.161506	0.0649055	94.7457
0.161506	0.0540879	93.1144
0.161506	0.0450732	91.6151
0.161506	0.037561	89.5901
0.161506	0.0313009	85.2684
0.161506	0.0260841	76.192
0.161506	0.0217367	65.2799
0.161506	0.0181139	57.0072
0.161506	0.0150949	54.3269
0.161506	0.0125791	60.0099
0.161506	0.0104826	73.3258
0.161506	0.0087355	88.3495
0.161506	0.00727958	100.427
0.161506	0.00606632	108.166
0.161506	0.00505526	112.839
0.161506	0.00421272	115.753
0.161506	0.0035106	117.624
0.161506	0.0029255	118.866
0.161506	0.00243792	119.709
0.161506	0.0020316	120.288
0.161506	0.001693	120.688
0.161506	0.00141083	120.966
0.161506	0.00117569	121.16
0.134588	1	317.776
0.134588	0.833333	310.177
0.134588	0.694444	299.639
0.134588	0.578704	283.845
0.134588	0.482253	260.509
0.134588	0.401878	230.549
0.134588	0.334898	199.826
0.134588	0.279082	170.626
0.134588	0.232568	144.293
0.134588	0.193807	125.484
0.134588	0.161506	114.861
0.134588	0.134588	109.591
0.134588	0.112157	106.601
0.134588	0.0934639	104.553
0.134588	0.0778866	102.848
0.134588	0.0649055	100.884
0.134588	0.0540879	98.9683
0.134588	0.0450732	97.3077
0.134588	0.037561	95.72
0.134588	0.0313009	92.8671
0.134588	0.0260841	87.0748
0.134588	0.0217367	76.6038
0.134588	0.0181139	65.5999
0.134588	0.0150949	57.1467
0.134588	0.0125791	56.3447
0.134588	0.0104826	64.5692
0.134588	0.0087355	78.8749
0.134588	0.00727958	93.3999
0.134588	0.00606632	103.899
0.134588	0.00505526	110.328
0.134588	0.00421272	114.238
0.134588	0.0035106	116.675
0.134588	0.0029255	118.249
0.134588	0.00243792	119.296
0.134588	0.0020316	120.008
0.134588	0.001693	120.496
0.134588	0.00141083	120.834
0.134588	0.00117569	121.069
0.112157	1	358.392
0.112157	0.833333	351.909
0.112157	0.694444	343.223
0.112157	0.578704	330.52
0.112157	0.482253	309.888
0.112157	0.401878	278.81
0.112157	0.334898	241.669
0.112157	0.279082	206.781
0.112157	0.232568	172.479
0.112157	0.193807	144.24
0.112157	0.161506	126.705
0.112157	0.134588	118.202
0.112157	0.112157	114.013
0.112157	0.0934639	111.438
0.112157	0.0778866	109.501
0.112157	0.0649055	107.583
0.112157	0.0540879	105.259
0.112157	0.0450732	103.335
0.112157	0.037561	101.621
0.112157	0.0313009	99.8598
0.112157	0.0260841	95.7713
0.112157	0.0217367	87.9334
0.112157	0.0181139	77.5412
0.112157	0.0150949	65.3365
0.112157	0.0125791	57.5009
0.112157	0.0104826	59.0431
0.112157	0.0087355	69.8334
0.112157	0.00727958	84.645
0.112157	0.00606632	97.9525
0.112157	0.00505526	106.866
0.112157	0.00421272	112.174
0.112157	0.0035106	115.43
0.112157	0.0029255	117.463
0.112157	0.00243792	118.781
0.112157	0.0020316	119.663
0.112157	0.001693	120.262
0.112157	0.00141083	120.673
0.112157	0.00117569	120.958
0.0934639	1	402.032
0.0934639	0.833333	396.502
0.0934639	0.694444	389.301
0.0934639	0.578704	379.417
0.0934639	0.482253	363.59
0.0934639	0.401878	335.722
0.0934639	0.334898	294.361
0.0934639	0.279082	251.156
0.0934639	0.232568	211.219
0.0934639	0.193807	171.527
0.0934639	0.161506	143.591
0.0934639	0.134588	128.814
0.0934639	0.112157	122.436
0.0934639	0.0934639	119.012
0.0934639	0.0778866	116.682
0.0934639	0.0649055	114.737
0.0934639	0.0540879	112.098
0.0934639	0.0450732	109.853
0.0934639	0.037561	107.904
0.0934639	0.0313009	106.101
0.0934639	0.0260841	103.804
0.0934639	0.0217367	97.7658
0.0934639	0.0181139	88.1425
0.0934639	0.0150949	78.327
0.0934639	0.0125791	66.9027
0.0934639	0.0104826	58.6462
0.0934639	0.0087355	62.607
0.0934639	0.00727958	75.5329
0.0934639	0.00606632	90.2841
0.0934639	0.00505526	101.986
0.0934639	0.00421272	109.36
0.0934639	0.0035106	113.748
0.0934639	0.0029255	116.439
0.0934639	0.00243792	118.131
0.0934639	0.0020316	119.234
0.0934639	0.001693	119.975
0.0934639	0.00141083	120.478
0.0934639	0.00117569	120.823
0.0778866	1	448.811
0.0778866	0.833333	444.096
0.0778866	0.694444	438.073
0.0778866	0.578704	430.159
0.0778866	0.482253	418.865
0.0778866	0.401878	397.94
0.0778866	0.334898	359.345
0.0778866	0.279082	306.302
0.0778866	0.232568	259.137
0.0778866	0.193807	211.217
0.0778866	0.161506	168.68
0.0778866	0.134588	143.359
0.0778866	0.112157	132.368
0.0778866	0.0934639	127.509
0.0778866	0.0778866	124.549
0.0778866	0.0649055	122.329
0.0778866	0.0540879	119.626
0.0778866	0.0450732	117.036
0.0778866	0.037561	114.7
0.0778866	0.0313009	112.628
0.0778866	0.0260841	110.73
0.0778866	0.0217367	106.352
0.0778866	0.0181139	99.0363
0.0778866	0.0150949	88.3816
0.0778866	0.0125791	78.5461
0.0778866	0.0104826	68.3658
0.0778866	0.0087355	60.9396
0.0778866	0.00727958	67.257
0.0778866	0.00606632	81.4494
0.0778866	0.00505526	95.477
0.0778866	0.00421272	105.454
0.0778866	0.0035106	111.453
0.0778866	0.0029255	115.076
0.0778866	0.00243792	117.292
0.0778866	0.0020316	118.696
0.0778866	0.001693	119.618
0.0778866	0.00141083	120.238
0.0778866	0.00117569	120.66
0.0649055	1	498.816
0.0649055	0.833333	494.801
0.0649055	0.694444	489.74
0.0649055	0.578704	483.25
0.0649055	0.482253	474.65
0.0649055	0.401878	461.39
0.0649055	0.334898	431.903
0.0649055	0.279082	377.953
0.0649055	0.232568	315.689
0.0649055	0.193807	263.509
0.0649055	0.161506	206.263
0.0649055	0.134588	165.437
0.0649055	0.112157	144.883
0.0649055	0.0934639	137.278
0.0649055	0.0778866	133.305
0.0649055	0.0649055	130.603
0.0649055	0.0540879	128.139
0.0649055	0.0450732	124.85
0.0649055	0.037561	122.073
0.0649055	0.0313009	119.723
0.0649055	0.0260841	117.594
0.0649055	0.0217367	113.202
0.0649055	0.0181139	108.783
0.0649055	0.0150949	99.5261
0.0649055	0.0125791	88.8183
0.0649055	0.0104826	78.8198
0.0649055	0.0087355	70.7314
0.0649055	0.00727958	64.582
0.0649055	0.00606632	72.5968
0.0649055	0.00505526	87.4463
0.0649055	0.00421272	100.031
0.0649055	0.0035106	108.334
0.0649055	0.0029255	113.214
0.0649055	0.00243792	116.185
0.0649055	0.0020316	118.011
0.0649055	0.001693	119.173
0.0649055	0.00141083	119.943
0.0649055	0.00117569	120.461
0.0540879	1	552.102
0.0540879	0.833333	548.682
0.0540879	0.694444	544.425
0.0540879	0.578704	539.049
0.0540879	0.482253	532.138
0.0540879	0.401878	522.879
0.0540879	0.334898	505.99
0.0540879	0.279082	463.122
0.0540879	0.232568	389.606
0.0540879	0.193807	323.43
0.0540879	0.161506	260.369
0.0540879	0.134588	199.375
0.0540879	0.112157	162.961
0.0540879	0.0934639	148.919
0.0540879	0.0778866	143.221
0.0540879	0.0649055	139.751
0.0540879	0.0540879	137.165
0.0540879	0.0450732	133.313
0.0540879	0.037561	130.187
0.0540879	0.0313009	127.469
0.0540879	0.0260841	124.95
0.0540879	0.0217367	120.694
0.0540879	0.0181139	117.233
0.0540879	0.0150949	109.541
0.0540879	0.0125791	100.589
0.0540879	0.0104826	89.2024
0.0540879	0.0087355	79.7184
0.0540879	0.00727958	72.5045
0.0540879	0.00606632	70.3906
0.0540879	0.00505526	77.7853
0.0540879	0.00421272	92.3347
0.0540879	0.0035106	103.989
0.0540879	0.0029255	110.706
0.0540879	0.00243792	114.697
0.0540879	0.0020316	117.111
0.0540879	0.001693	118.611
0.0540879	0.00141083	119.574
0.0540879	0.00117569	120.217
0.0450732	1	608.655
0.0450732	0.833333	605.763
0.0450732	0.694444	602.176
0.0450732	0.578704	597.708
0.0450732	0.482253	592.059
0.0450732	0.401878	584.786
0.0450732	0.334898	574.859
0.0450732	0.279082	550.376
0.0450732	0.232568	487.523
0.0450732	0.193807	396.475
0.0450732	0.161506	326.333
0.0450732	0.134588	248.788
0.0450732	0.112157	192.737
0.0450732	0.0934639	163.814
0.0450732	0.0778866	154.708
0.0450732	0.0649055	150
0.0450732	0.0540879	146.816
0.0450732	0.0450732	143.038
0.0450732	0.037561	139.449
0.0450732	0.0313009	136.073
0.0450732	0.0260841	133.069
0.0450732	0.0217367	130.93
0.0450732	0.0181139	123.672
0.0450732	0.0150949	121.145
0.0450732	0.0125791	110.231
0.0450732	0.0104826	100.814
0.0450732	0.0087355	89.7088
0.0450732	0.00727958	80.2273
0.0450732	0.00606632	74.0939
0.0450732	0.00505526	75.9304
0.0450732	0.00421272	82.9926
0.0450732	0.0035106	96.0977
0.0450732	0.0029255	107.29
0.0450732	0.00243792	112.664
0.0450732	0.0020316	115.92
0.0450732	0.001693	117.885
0.0450732	0.00141083	119.113
0.0450732	0.00117569	119.912
0.037561	1	668.452
0.037561	0.833333	665.999
0.037561	0.694444	662.996
0.037561	0.578704	659.269
0.037561	0.482253	654.627
0.037561	0.401878	648.756
0.037561	0.334898	641.195
0.037561	0.279082	630.444
0.037561	0.232568	592.263
0.037561	0.193807	500.883
0.037561	0.161506	400.753
0.037561	0.134588	318.172
0.037561	0.112157	238.394
0.037561	0.0934639	186.496
0.037561	0.0778866	168.507
0.037561	0.0649055	161.664
0.037561	0.0540879	157.523
0.037561	0.0450732	154.465
0.037561	0.037561	149.16
0.037561	0.0313009	145.306
0.037561	0.0260841	141.906
0.037561	0.0217367	139.114
0.037561	0.0181139	130.545
0.037561	0.0150949	128.618
0.037561	0.0125791	120.977
0.037561	0.0104826	113.074
0.037561	0.0087355	101.618
0.037561	0.00727958	88.8314
0.037561	0.00606632	81.6732
0.037561	0.00505526	76.433
0.037561	0.00421272	81.322
0.037561	0.0035106	87.9876
0.037561	0.0029255	99.4754
0.037561	0.00243792	109.965
0.037561	0.0020316	114.309
0.037561	0.001693	116.924
0.037561	0.00141083	118.526
0.037561	0.00117569	119.532
0.0313009	1	731.408
0.0313009	0.833333	729.346
0.0313009	0.694444	726.823
0.0313009	0.578704	723.732
0.0313009	0.482253	719.898
0.0313009	0.401878	715.122
0.0313009	0.334898	709.083
0.0313009	0.279082	701.309
0.0313009	0.232568	688.953
0.0313009	0.193807	628.077
0.0313009	0.161506	504.896
0.0313009	0.134588	398.505
0.0313009	0.112157	300.219
0.0313009	0.0934639	228.371
0.0313009	0.0778866	186.45
0.0313009	0.0649055	175.251
0.0313009	0.0540879	169.544
0.0313009	0.0450732	165.734
0.0313009	0.037561	160.348
0.0313009	0.0313009	156.285
0.0313009	0.0260841	151.715
0.0313009	0.0217367	148.02
0.0313009	0.0181139	145.969
0.0313009	0.0150949	135.983
0.0313009	0.0125791	134.09
0.0313009	0.0104826	123.959
0.0313009	0.0087355	114.796
0.0313009	0.00727958	102.347
0.0313009	0.00606632	88.5037
0.0313009	0.00505526	82.9968
0.0313009	0.00421272	79.2157
0.0313009	0.0035106	85.2228
0.0313009	0.0029255	93.7401
0.0313009	0.00243792	102.375
0.0313009	0.0020316	112.135
0.0313009	0.001693	115.656
0.0313009	0.00141083	117.756
0.0313009	0.00117569	119.055
0.0260841	1	797.427
0.0260841	0.833333	795.714
0.0260841	0.694444	793.61
0.0260841	0.578704	791.036
0.0260841	0.482253	787.884
0.0260841	0.401878	783.975
0.0260841	0.334898	779.108
0.0260841	0.279082	772.959
0.0260841	0.232568	765.052
0.0260841	0.193807	747.442
0.0260841	0.161506	651.488
0.0260841	0.134588	500.004
0.0260841	0.112157	381.298
0.0260841	0.0934639	284.956
0.0260841	0.0778866	216.116
0.0260841	0.0649055	191.768
0.0260841	0.0540879	183.269
0.0260841	0.0450732	178.223
0.0260841	0.037561	174.521
0.0260841	0.0313009	167.897
0.0260841	0.0260841	163.179
0.0260841	0.0217367	158.062
0.0260841	0.0181139	155.307
0.0260841	0.0150949	143.715
0.0260841	0.0125791	141.457
0.0260841	0.0104826	139.38
0.0260841	0.0087355	127.653
0.0260841	0.00727958	116.496
0.0260841	0.00606632	100.981
0.0260841	0.00505526	90.5409
0.0260841	0.00421272	84.846
0.0260841	0.0035106	82.3
0.0260841	0.0029255	89.6157
0.0260841	0.00243792	99.2142
0.0260841	0.0020316	104.893
0.0260841	0.001693	113.062
0.0260841	0.00141083	116.745
0.0260841	0.00117569	118.441
0.0217367	1	866.461
0.0217367	0.833333	865.018
0.0217367	0.694444	863.284
0.0217367	0.578704	861.155
0.0217367	0.482253	858.551
0.0217367	0.401878	855.363
0.0217367	0.334898	851.413
0.0217367	0.279082	846.498
0.0217367	0.232568	840.296
0.0217367	0.193807	832.334
0.0217367	0.161506	800.713
0.0217367	0.134588	661.195
0.0217367	0.112157	483.799
0.0217367	0.0934639	366.97
0.0217367	0.0778866	272.989
0.0217367	0.0649055	214.15
0.0217367	0.0540879	199.393
0.0217367	0.0450732	192.256
0.0217367	0.037561	187.577
0.0217367	0.0313009	179.672
0.0217367	0.0260841	174.261
0.0217367	0.0217367	168.883
0.0217367	0.0181139	165.114
0.0217367	0.0150949	163.029
0.0217367	0.0125791	150.232
0.0217367	0.0104826	147.891
0.0217367	0.0087355	136.638
0.0217367	0.00727958	130.733
0.0217367	0.00606632	118.377
0.0217367	0.00505526	102.977
0.0217367	0.00421272	92.8581
0.0217367	0.0035106	87.001
0.0217367	0.0029255	85.1354
0.0217367	0.00243792	93.4985
0.0217367	0.0020316	102.95
0.0217367	0.001693	106.502
0.0217367	0.00141083	113.248
0.0217367	0.00117569	117.63
0.0181139	1	938.435
0.0181139	0.833333	937.241
0.0181139	0.694444	935.791
0.0181139	0.578704	934.049
0.0181139	0.482253	931.912
0.0181139	0.401878	929.299
0.0181139	0.334898	926.1
0.0181139	0.279082	922.141
0.0181139	0.232568	917.22
0.0181139	0.193807	911.02
0.0181139	0.161506	903.079
0.0181139	0.134588	848
0.0181139	0.112157	661.324
0.0181139	0.0934639	453.196
0.0181139	0.0778866	358.959
0.0181139	0.0649055	257.336
0.0181139	0.0540879	219.531
0.0181139	0.0450732	208.364
0.0181139	0.037561	202.002
0.0181139	0.0313009	196.389
0.0181139	0.0260841	187.254
0.0181139	0.0217367	181.127
0.0181139	0.0181139	176.978
0.0181139	0.0150949	174.098
0.0181139	0.0125791	172.13
0.0181139	0.0104826	157.382
0.0181139	0.0087355	154.938
0.0181139	0.00727958	140.708
0.0181139	0.00606632	128.719
0.0181139	0.00505526	115.143
0.0181139	0.00421272	103.533
0.0181139	0.0035106	94.8209
0.0181139	0.0029255	89.9698
0.0181139	0.00243792	87.7138
0.0181139	0.0020316	96.7225
0.0181139	0.001693	105.787
0.0181139	0.00141083	108.34
0.0181139	0.00117569	113.019
0.0150949	1	1013.33
0.0150949	0.833333	1012.35
0.0150949	0.694444	1011.16
0.0150949	0.578704	1009.71
0.0150949	0.482253	1007.97
0.0150949	0.401878	1005.84
0.0150949	0.334898	1003.24
0.0150949	0.279082	1000.06
0.0150949	0.232568	996.122
0.0150949	0.193807	991.233
0.0150949	0.161506	985.087
0.0150949	0.134588	977.24
0.0150949	0.112157	882.904
0.0150949	0.0934639	647.076
0.0150949	0.0778866	440.54
0.0150949	0.0649055	336.522
0.0150949	0.0540879	250.509
0.0150949	0.0450732	227.623
0.0150949	0.037561	218.241
0.0150949	0.0313009	210.997
0.0150949	0.0260841	207.425
0.0150949	0.0217367	195.695
0.0150949	0.0181139	189.083
0.0150949	0.0150949	185.136
0.0150949	0.0125791	182.659
0.0150949	0.0104826	166.664
0.0150949	0.0087355	163.967
0.0150949	0.00727958	161.993
0.0150949	0.00606632	143.747
0.0150949	0.00505526	128.984
0.0150949	0.00421272	117.19
0.0150949	0.0035106	106.715
0.0150949	0.0029255	97.6044
0.0150949	0.00243792	92.8602
0.0150949	0.0020316	90.5809
0.0150949	0.001693	98.6772
0.0150949	0.00141083	107.533
0.0150949	0.00117569	111.391
0.0125791	1	1091.16
0.0125791	0.833333	1090.36
0.0125791	0.694444	1089.38
0.0125791	0.578704	1088.2
0.0125791	0.482253	1086.77
0.0125791	0.401878	1085.05
0.0125791	0.334898	1082.95
0.0125791	0.279082	1080.38
0.0125791	0.232568	1077.22
0.0125791	0.193807	1073.35
0.0125791	0.161506	1068.52
0.0125791	0.134588	1062.48
0.0125791	0.112157	1054.79
0.0125791	0.0934639	906.255
0.0125791	0.0778866	616.343
0.0125791	0.0649055	435.153
0.0125791	0.0540879	327.369
0.0125791	0.0450732	253.322
0.0125791	0.037561	237.084
0.0125791	0.0313009	227.857
0.0125791	0.0260841	222.506
0.0125791	0.0217367	221.546
0.0125791	0.0181139	204.504
0.0125791	0.0150949	198.107
0.0125791	0.0125791	195.278
0.0125791	0.0104826	192.995
0.0125791	0.0087355	174.737
0.0125791	0.00727958	171.995
0.0125791	0.00606632	168.378
0.0125791	0.00505526	143.3
0.0125791	0.00421272	131.746
0.0125791	0.0035106	120.543
0.0125791	0.0029255	110.919
0.0125791	0.00243792	100.674
0.0125791	0.0020316	95.3663
0.0125791	0.001693	93.1186
0.0125791	0.00141083	100.186
0.0125791	0.00117569	107.956
0.0104826	1	1171.96
0.0104826	0.833333	1171.3
0.0104826	0.694444	1170.51
0.0104826	0.578704	1169.55
0.0104826	0.482253	1168.39
0.0104826	0.401878	1166.99
0.0104826	0.334898	1165.28
0.0104826	0.279082	1163.24
0.0104826	0.232568	1160.71
0.0104826	0.193807	1157.62
0.0104826	0.161506	1153.83
0.0104826	0.134588	1149.12
0.0104826	0.112157	1143.23
0.0104826	0.0934639	1135.75
0.0104826	0.0778866	985.416
0.0104826	0.0649055	544.375
0.0104826	0.0540879	428.26
0.0104826	0.0450732	337.056
0.0104826	0.037561	260.565
0.0104826	0.0313009	246.591
0.0104826	0.0260841	238.582
0.0104826	0.0217367	237.557
0.0104826	0.0181139	236.503
0.0104826	0.0150949	216.439
0.0104826	0.0125791	207.393
0.0104826	0.0104826	205.217
0.0104826	0.0087355	202.004
0.0104826	0.00727958	183.129
0.0104826	0.00606632	180.411
0.0104826	0.00505526	172.281
0.0104826	0.00421272	144.106
0.0104826	0.0035106	138.679
0.0104826	0.0029255	122.938
0.0104826	0.00243792	112.897
0.0104826	0.0020316	104.237
0.0104826	0.001693	99.0252
0.0104826	0.00141083	95.5963
0.0104826	0.00117569	100.617
