1	0.1	32.6732
1	0.0909091	32.4821
1	0.0826446	32.3442
1	0.0751315	32.3051
1	0.0683013	32.4145
1	0.0620921	32.6247
1	0.0564474	33.1704
1	0.0513158	34.0519
1	0.0466507	35.1433
1	0.0424098	36.5574
1	0.0385543	38.1912
1	0.0350494	40.098
1	0.0318631	42.195
1	0.0289664	44.5942
1	0.0263331	47.2441
1	0.0239392	50.0295
1	0.0217629	52.9927
1	0.0197845	56.0412
1	0.0179859	59.0416
1	0.0163508	62.0252
1	0.0148644	64.9893
1	0.0135131	67.8339
1	0.0122846	70.5162
1	0.0111678	73.0679
1	0.0101526	75.4714
1	0.0092296	77.6916
1	0.00839055	79.7284
1	0.00762777	81.6058
1	0.00693433	83.3363
1	0.00630394	84.9157
1	0.00573086	86.3348
1	0.00520987	87.5982
1	0.00473624	88.7253
1	0.00430568	89.7297
1	0.00391425	90.6248
1	0.00355841	91.4221
1	0.00323492	92.1286
1	0.00294083	92.7498
1	0.00267349	93.2962
1	0.00243044	93.7773
1	0.00220949	94.1993
1	0.00200863	94.5694
1	0.00182603	94.8943
1	0.00166002	95.1788
1	0.00150911	95.429
1	0.00137192	95.6505
1	0.0012472	95.846
1	0.00113382	96.017
1	0.00103074	96.1665
1	0.000937041	96.2976
1	0.000851855	96.4129
1	0.000774414	96.5139
1	0.000704013	96.6018
1	0.000640011	96.6783
1	0.000581829	96.7445
1	0.000528935	96.8016
0.909091	0.1	32.4433
0.909091	0.0909091	32.1699
0.909091	0.0826446	31.9364
0.909091	0.0751315	31.7593
0.909091	0.0683013	31.702
0.909091	0.0620921	31.7919
0.909091	0.0564474	31.9692
0.909091	0.0513158	32.5597
0.909091	0.0466507	33.4828
0.909091	0.0424098	34.5935
0.909091	0.0385543	36.0525
0.909091	0.0350494	37.7126
0.909091	0.0318631	39.6543
0.909091	0.0289664	41.7856
0.909091	0.0263331	44.2784
0.909091	0.0239392	47.0151
0.909091	0.0217629	49.8844
0.909091	0.0197845	52.962
0.909091	0.0179859	56.0843
0.909091	0.0163508	59.138
0.909091	0.0148644	62.1913
0.909091	0.0135131	65.2196
0.909091	0.0122846	68.0927
0.909091	0.0111678	70.7948
0.909091	0.0101526	73.3676
0.909091	0.0092296	75.7775
0.909091	0.00839055	77.9929
0.909091	0.00762777	80.0242
0.909091	0.00693433	81.9
0.909091	0.00630394	83.6276
0.909091	0.00573086	85.1963
0.909091	0.00520987	86.5952
0.909091	0.00473624	87.8371
0.909091	0.00430568	88.9446
0.909091	0.00391425	89.9305
0.909091	0.00355841	90.809
0.909091	0.00323492	91.5904
0.909091	0.00294083	92.2808
0.909091	0.00267349	92.8862
0.909091	0.00243044	93.4192
0.909091	0.00220949	93.8879
0.909091	0.00200863	94.2979
0.909091	0.00182603	94.6573
0.909091	0.00166002	94.9721
0.909091	0.00150911	95.2473
0.909091	0.00137192	95.4901
0.909091	0.0012472	95.7054
0.909091	0.00113382	95.8949
0.909091	0.00103074	96.0602
0.909091	0.000937041	96.2045
0.909091	0.000851855	96.3313
0.909091	0.000774414	96.443
0.909091	0.000704013	96.5404
0.909091	0.000640011	96.6253
0.909091	0.000581829	96.699
0.909091	0.000528935	96.7625
0.826446	0.1	32.3915
0.826446	0.0909091	32.0448
0.826446	0.0826446	31.7267
0.826446	0.0751315	31.4525
0.826446	0.0683013	31.2396
0.826446	0.0620921	31.1794
0.826446	0.0564474	31.2422
0.826446	0.0513158	31.3968
0.826446	0.0466507	32.036
0.826446	0.0424098	33.0106
0.826446	0.0385543	34.1411
0.826446	0.0350494	35.6484
0.826446	0.0318631	37.3348
0.826446	0.0289664	39.2973
0.826446	0.0263331	41.475
0.826446	0.0239392	44.0731
0.826446	0.0217629	46.8876
0.826446	0.0197845	49.8489
0.826446	0.0179859	53.0429
0.826446	0.0163508	56.2192
0.826446	0.0148644	59.3211
0.826446	0.0135131	62.4476
0.826446	0.0122846	65.5286
0.826446	0.0111678	68.4139
0.826446	0.0101526	71.1313
0.826446	0.0092296	73.716
0.826446	0.00839055	76.1224
0.826446	0.00762777	78.3253
0.826446	0.00693433	80.3489
0.826446	0.00630394	82.2215
0.826446	0.00573086	83.9416
0.826446	0.00520987	85.4929
0.826446	0.00473624	86.8654
0.826446	0.00430568	88.0834
0.826446	0.00391425	89.1694
0.826446	0.00355841	90.1357
0.826446	0.00323492	90.9964
0.826446	0.00294083	91.7607
0.826446	0.00267349	92.4335
0.826446	0.00243044	93.0226
0.826446	0.00220949	93.5424
0.826446	0.00200863	93.9981
0.826446	0.00182603	94.3959
0.826446	0.00166002	94.7445
0.826446	0.00150911	95.0488
0.826446	0.00137192	95.3149
0.826446	0.0012472	95.5505
0.826446	0.00113382	95.7597
0.826446	0.00103074	95.9429
0.826446	0.000937041	96.1023
0.826446	0.000851855	96.2417
0.826446	0.000774414	96.3644
0.826446	0.000704013	96.4724
0.826446	0.000640011	96.5663
0.826446	0.000581829	96.6482
0.826446	0.000528935	96.719
0.751315	0.1	32.5082
0.751315	0.0909091	32.0934
0.751315	0.0826446	31.7013
0.751315	0.0751315	31.339
0.751315	0.0683013	31.0273
0.751315	0.0620921	30.7819
0.751315	0.0564474	30.7343
0.751315	0.0513158	30.7609
0.751315	0.0466507	30.9093
0.751315	0.0424098	31.5662
0.751315	0.0385543	32.6345
0.751315	0.0350494	33.7881
0.751315	0.0318631	35.3423
0.751315	0.0289664	37.0537
0.751315	0.0263331	39.0227
0.751315	0.0239392	41.2702
0.751315	0.0217629	43.9817
0.751315	0.0197845	46.8626
0.751315	0.0179859	49.9345
0.751315	0.0163508	53.2348
0.751315	0.0148644	56.4434
0.751315	0.0135131	59.5953
0.751315	0.0122846	62.7995
0.751315	0.0111678	65.9127
0.751315	0.0101526	68.7964
0.751315	0.0092296	71.5249
0.751315	0.00839055	74.1096
0.751315	0.00762777	76.5033
0.751315	0.00693433	78.6881
0.751315	0.00630394	80.7031
0.751315	0.00573086	82.5705
0.751315	0.00520987	84.2769
0.751315	0.00473624	85.8023
0.751315	0.00430568	87.1436
0.751315	0.00391425	88.3366
0.751315	0.00355841	89.3992
0.751315	0.00323492	90.3451
0.751315	0.00294083	91.1865
0.751315	0.00267349	91.9323
0.751315	0.00243044	92.586
0.751315	0.00220949	93.1593
0.751315	0.00200863	93.6656
0.751315	0.00182603	94.1078
0.751315	0.00166002	94.4934
0.751315	0.00150911	94.8308
0.751315	0.00137192	95.1243
0.751315	0.0012472	95.3815
0.751315	0.00113382	95.6105
0.751315	0.00103074	95.8133
0.751315	0.000937041	95.99
0.751315	0.000851855	96.1435
0.751315	0.000774414	96.278
0.751315	0.000704013	96.3969
0.751315	0.000640011	96.5011
0.751315	0.000581829	96.5917
0.751315	0.000528935	96.6705
0.683013	0.1	32.79
0.683013	0.0909091	32.3043
0.683013	0.0826446	31.8459
0.683013	0.0751315	31.4077
0.683013	0.0683013	31.0027
0.683013	0.0620921	30.6579
0.683013	0.0564474	30.3824
0.683013	0.0513158	30.3549
0.683013	0.0466507	30.3446
0.683013	0.0424098	30.5085
0.683013	0.0385543	30.9664
0.683013	0.0350494	32.3559
0.683013	0.0318631	33.5384
0.683013	0.0289664	35.1303
0.683013	0.0263331	36.861
0.683013	0.0239392	38.8294
0.683013	0.0217629	41.1773
0.683013	0.0197845	44.0019
0.683013	0.0179859	46.9446
0.683013	0.0163508	50.1511
0.683013	0.0148644	53.5327
0.683013	0.0135131	56.7546
0.683013	0.0122846	59.9675
0.683013	0.0111678	63.2487
0.683013	0.0101526	66.3646
0.683013	0.0092296	69.2391
0.683013	0.00839055	71.9725
0.683013	0.00762777	74.545
0.683013	0.00693433	76.917
0.683013	0.00630394	79.081
0.683013	0.00573086	81.0881
0.683013	0.00520987	82.9461
0.683013	0.00473624	84.631
0.683013	0.00430568	86.121
0.683013	0.00391425	87.4287
0.683013	0.00355841	88.5958
0.683013	0.00323492	89.6339
0.683013	0.00294083	90.5584
0.683013	0.00267349	91.3786
0.683013	0.00243044	92.1045
0.683013	0.00220949	92.7382
0.683013	0.00200863	93.2964
0.683013	0.00182603	93.7887
0.683013	0.00166002	94.2169
0.683013	0.00150911	94.5903
0.683013	0.00137192	94.9159
0.683013	0.0012472	95.1984
0.683013	0.00113382	95.4474
0.683013	0.00103074	95.67
0.683013	0.000937041	95.8661
0.683013	0.000851855	96.036
0.683013	0.000774414	96.1838
0.683013	0.000704013	96.3137
0.683013	0.000640011	96.4288
0.683013	0.000581829	96.5291
0.683013	0.000528935	96.6163
0.620921	0.1	33.2405
0.620921	0.0909091	32.6736
0.620921	0.0826446	32.1445
0.620921	0.0751315	31.6451
0.620921	0.0683013	31.1587
0.620921	0.0620921	30.7153
0.620921	0.0564474	30.3413
0.620921	0.0513158	30.037
0.620921	0.0466507	30.0232
0.620921	0.0424098	29.9921
0.620921	0.0385543	30.1938
0.620921	0.0350494	30.6666
0.620921	0.0318631	32.1756
0.620921	0.0289664	33.3839
0.620921	0.0263331	35.0085
0.620921	0.0239392	36.7335
0.620921	0.0217629	38.7212
0.620921	0.0197845	41.1238
0.620921	0.0179859	44.124
0.620921	0.0163508	47.1421
0.620921	0.0148644	50.5016
0.620921	0.0135131	53.9239
0.620921	0.0122846	57.1544
0.620921	0.0111678	60.446
0.620921	0.0101526	63.7881
0.620921	0.0092296	66.8773
0.620921	0.00839055	69.7405
0.620921	0.00762777	72.4682
0.620921	0.00693433	75.0189
0.620921	0.00630394	77.3606
0.620921	0.00573086	79.5046
0.620921	0.00520987	81.5049
0.620921	0.00473624	83.3452
0.620921	0.00430568	84.9994
0.620921	0.00391425	86.4462
0.620921	0.00355841	87.7202
0.620921	0.00323492	88.8599
0.620921	0.00294083	89.8733
0.620921	0.00267349	90.7744
0.620921	0.00243044	91.5721
0.620921	0.00220949	92.2765
0.620921	0.00200863	92.8903
0.620921	0.00182603	93.434
0.620921	0.00166002	93.9115
0.620921	0.00150911	94.3252
0.620921	0.00137192	94.6864
0.620921	0.0012472	94.9996
0.620921	0.00113382	95.2712
0.620921	0.00103074	95.5129
0.620921	0.000937041	95.729
0.620921	0.000851855	95.9178
0.620921	0.000774414	96.0808
0.620921	0.000704013	96.223
0.620921	0.000640011	96.3488
0.620921	0.000581829	96.46
0.620921	0.000528935	96.5564
0.564474	0.1	33.8701
0.564474	0.0909091	33.2075
0.564474	0.0826446	32.5905
0.564474	0.0751315	32.0268
0.564474	0.0683013	31.4871
0.564474	0.0620921	30.9489
0.564474	0.0564474	30.4759
0.564474	0.0513158	30.0731
0.564474	0.0466507	29.7425
0.564474	0.0424098	29.5152
0.564474	0.0385543	29.7056
0.564474	0.0350494	29.9563
0.564474	0.0318631	30.4641
0.564474	0.0289664	31.861
0.564474	0.0263331	33.3168
0.564474	0.0239392	34.9676
0.564474	0.0217629	36.5433
0.564474	0.0197845	38.7066
0.564474	0.0179859	41.2718
0.564474	0.0163508	44.3383
0.564474	0.0148644	47.4616
0.564474	0.0135131	50.9839
0.564474	0.0122846	54.3944
0.564474	0.0111678	57.6516
0.564474	0.0101526	61.0374
0.564474	0.0092296	64.4003
0.564474	0.00839055	67.4459
0.564474	0.00762777	70.297
0.564474	0.00693433	73.005
0.564474	0.00630394	75.5284
0.564474	0.00573086	77.8319
0.564474	0.00520987	79.9608
0.564474	0.00473624	81.9521
0.564474	0.00430568	83.7632
0.564474	0.00391425	85.3762
0.564474	0.00355841	86.7761
0.564474	0.00323492	88.0179
0.564474	0.00294083	89.1286
0.564474	0.00267349	90.1171
0.564474	0.00243044	90.992
0.564474	0.00220949	91.7664
0.564474	0.00200863	92.4477
0.564474	0.00182603	93.0429
0.564474	0.00166002	93.5717
0.564474	0.00150911	94.0334
0.564474	0.00137192	94.4329
0.564474	0.0012472	94.7814
0.564474	0.00113382	95.0815
0.564474	0.00103074	95.3431
0.564474	0.000937041	95.5783
0.564474	0.000851855	95.7873
0.564474	0.000774414	95.9682
0.564474	0.000704013	96.1246
0.564474	0.000640011	96.2614
0.564474	0.000581829	96.3834
0.564474	0.000528935	96.4904
0.513158	0.1	34.6916
0.513158	0.0909091	33.9219
0.513158	0.0826446	33.1928
0.513158	0.0751315	32.5385
0.513158	0.0683013	31.9518
0.513158	0.0620921	31.3636
0.513158	0.0564474	30.7762
0.513158	0.0513158	30.2824
0.513158	0.0466507	29.8474
0.513158	0.0424098	29.4982
0.513158	0.0385543	29.2604
0.513158	0.0350494	29.4947
0.513158	0.0318631	29.7834
0.513158	0.0289664	30.3465
0.513158	0.0263331	31.5746
0.513158	0.0239392	33.3295
0.513158	0.0217629	34.7864
0.513158	0.0197845	36.5168
0.513158	0.0179859	38.6525
0.513158	0.0163508	41.518
0.513158	0.0148644	44.6494
0.513158	0.0135131	47.8988
0.513158	0.0122846	51.5759
0.513158	0.0111678	54.9389
0.513158	0.0101526	58.2618
0.513158	0.0092296	61.7437
0.513158	0.00839055	65.0689
0.513158	0.00762777	68.0664
0.513158	0.00693433	70.9016
0.513158	0.00630394	73.5777
0.513158	0.00573086	76.0682
0.513158	0.00520987	78.3311
0.513158	0.00473624	80.4525
0.513158	0.00430568	82.4239
0.513158	0.00391425	84.1956
0.513158	0.00355841	85.757
0.513158	0.00323492	87.1098
0.513158	0.00294083	88.3208
0.513158	0.00267349	89.4022
0.513158	0.00243044	90.364
0.513158	0.00220949	91.2095
0.513158	0.00200863	91.9607
0.513158	0.00182603	92.6181
0.513158	0.00166002	93.1962
0.513158	0.00150911	93.7091
0.513158	0.00137192	94.1541
0.513158	0.0012472	94.54
0.513158	0.00113382	94.8747
0.513158	0.00103074	95.1615
0.513158	0.000937041	95.4146
0.513158	0.000851855	95.6434
0.513158	0.000774414	95.8444
0.513158	0.000704013	96.0173
0.513158	0.000640011	96.1672
0.513158	0.000581829	96.2992
0.513158	0.000528935	96.4174
0.466507	0.1	35.7075
0.466507	0.0909091	34.8408
0.466507	0.0826446	33.9727
0.466507	0.0751315	33.1912
0.466507	0.0683013	32.5219
0.466507	0.0620921	31.9161
0.466507	0.0564474	31.2641
0.466507	0.0513158	30.6419
0.466507	0.0466507	30.1301
0.466507	0.0424098	29.6595
0.466507	0.0385543	29.3039
0.466507	0.0350494	29.0528
0.466507	0.0318631	29.3569
0.466507	0.0289664	29.6734
0.466507	0.0263331	30.3061
0.466507	0.0239392	31.3434
0.466507	0.0217629	33.4243
0.466507	0.0197845	34.8499
0.466507	0.0179859	36.5451
0.466507	0.0163508	38.8515
0.466507	0.0148644	41.8589
0.466507	0.0135131	44.9437
0.466507	0.0122846	48.4647
0.466507	0.0111678	52.2381
0.466507	0.0101526	55.5643
0.466507	0.0092296	58.985
0.466507	0.00839055	62.5333
0.466507	0.00762777	65.7822
0.466507	0.00693433	68.7382
0.466507	0.00630394	71.5452
0.466507	0.00573086	74.1847
0.466507	0.00520987	76.6311
0.466507	0.00473624	78.862
0.466507	0.00430568	80.9802
0.466507	0.00391425	82.9115
0.466507	0.00355841	84.6367
0.466507	0.00323492	86.1393
0.466507	0.00294083	87.4478
0.466507	0.00267349	88.6276
0.466507	0.00243044	89.6805
0.466507	0.00220949	90.6115
0.466507	0.00200863	91.4266
0.466507	0.00182603	92.1542
0.466507	0.00166002	92.7882
0.466507	0.00150911	93.3502
0.466507	0.00137192	93.8456
0.466507	0.0012472	94.2736
0.466507	0.00113382	94.6463
0.466507	0.00103074	94.9655
0.466507	0.000937041	95.24
0.466507	0.000851855	95.4861
0.466507	0.000774414	95.7079
0.466507	0.000704013	95.9
0.466507	0.000640011	96.065
0.466507	0.000581829	96.2087
0.466507	0.000528935	96.3365
0.424098	0.1	36.8901
0.424098	0.0909091	35.9884
0.424098	0.0826446	34.9629
0.424098	0.0751315	34.01
0.424098	0.0683013	33.212
0.424098	0.0620921	32.5449
0.424098	0.0564474	31.9102
0.424098	0.0513158	31.1822
0.424098	0.0466507	30.5463
0.424098	0.0424098	30.0121
0.424098	0.0385543	29.5083
0.424098	0.0350494	29.1558
0.424098	0.0318631	28.8852
0.424098	0.0289664	28.8089
0.424098	0.0263331	29.6234
0.424098	0.0239392	30.3388
0.424098	0.0217629	31.4486
0.424098	0.0197845	33.0208
0.424098	0.0179859	34.9512
0.424098	0.0163508	36.3871
0.424098	0.0148644	38.8745
0.424098	0.0135131	42.2816
0.424098	0.0122846	45.4964
0.424098	0.0111678	49.1779
0.424098	0.0101526	52.9536
0.424098	0.0092296	56.3011
0.424098	0.00839055	59.8184
0.424098	0.00762777	63.3275
0.424098	0.00693433	66.5316
0.424098	0.00630394	69.4504
0.424098	0.00573086	72.2211
0.424098	0.00520987	74.826
0.424098	0.00473624	77.2139
0.424098	0.00430568	79.4309
0.424098	0.00391425	81.5336
0.424098	0.00355841	83.4086
0.424098	0.00323492	85.0798
0.424098	0.00294083	86.521
0.424098	0.00267349	87.791
0.424098	0.00243044	88.9387
0.424098	0.00220949	89.962
0.424098	0.00200863	90.8568
0.424098	0.00182603	91.6439
0.424098	0.00166002	92.3464
0.424098	0.00150911	92.9583
0.424098	0.00137192	93.5036
0.424098	0.0012472	93.9804
0.424098	0.00113382	94.3925
0.424098	0.00103074	94.7505
0.424098	0.000937041	95.0537
0.424098	0.000851855	95.3177
0.424098	0.000774414	95.558
0.424098	0.000704013	95.7711
0.424098	0.000640011	95.9538
0.424098	0.000581829	96.1113
0.424098	0.000528935	96.2493
0.385543	0.1	38.1882
0.385543	0.0909091	37.3535
0.385543	0.0826446	36.2082
0.385543	0.0751315	35.0377
0.385543	0.0683013	34.0433
0.385543	0.0620921	33.2769
0.385543	0.0564474	32.5956
0.385543	0.0513158	31.9329
0.385543	0.0466507	31.1167
0.385543	0.0424098	30.4887
0.385543	0.0385543	29.9128
0.385543	0.0350494	29.3988
0.385543	0.0318631	29.0451
0.385543	0.0289664	28.7566
0.385543	0.0263331	28.7014
0.385543	0.0239392	29.6373
0.385543	0.0217629	30.4433
0.385543	0.0197845	31.5816
0.385543	0.0179859	32.8505
0.385543	0.0163508	35.0844
0.385543	0.0148644	36.5326
0.385543	0.0135131	38.9972
0.385543	0.0122846	42.5384
0.385543	0.0111678	46.1368
0.385543	0.0101526	50.0011
0.385543	0.0092296	53.721
0.385543	0.00839055	57.1624
0.385543	0.00762777	60.7499
0.385543	0.00693433	64.191
0.385543	0.00630394	67.3213
0.385543	0.00573086	70.1924
0.385543	0.00520987	72.9276
0.385543	0.00473624	75.4923
0.385543	0.00430568	77.8223
0.385543	0.00391425	80.0422
0.385543	0.00355841	82.0957
0.385543	0.00323492	83.9138
0.385543	0.00294083	85.5222
0.385543	0.00267349	86.9015
0.385543	0.00243044	88.1388
0.385543	0.00220949	89.2548
0.385543	0.00200863	90.2436
0.385543	0.00182603	91.0982
0.385543	0.00166002	91.8616
0.385543	0.00150911	92.5371
0.385543	0.00137192	93.1292
0.385543	0.0012472	93.6556
0.385543	0.00113382	94.1134
0.385543	0.00103074	94.5111
0.385543	0.000937041	94.8513
0.385543	0.000851855	95.1395
0.385543	0.000774414	95.3954
0.385543	0.000704013	95.6294
0.385543	0.000640011	95.8324
0.385543	0.000581829	96.0058
0.385543	0.000528935	96.1564
0.350494	0.1	39.5657
0.350494	0.0909091	38.8564
0.350494	0.0826446	37.746
0.350494	0.0751315	36.3359
0.350494	0.0683013	35.0551
0.350494	0.0620921	34.1254
0.350494	0.0564474	33.3799
0.350494	0.0513158	32.6759
0.350494	0.0466507	31.9627
0.350494	0.0424098	31.0785
0.350494	0.0385543	30.4635
0.350494	0.0350494	29.8189
0.350494	0.0318631	29.3344
0.350494	0.0289664	28.9575
0.350494	0.0263331	28.6697
0.350494	0.0239392	28.6498
0.350494	0.0217629	29.7014
0.350494	0.0197845	30.6115
0.350494	0.0179859	31.7469
0.350494	0.0163508	32.9173
0.350494	0.0148644	34.6386
0.350494	0.0135131	36.777
0.350494	0.0122846	39.1261
0.350494	0.0111678	42.9645
0.350494	0.0101526	46.5619
0.350494	0.0092296	50.5432
0.350494	0.00839055	54.2678
0.350494	0.00762777	58.0901
0.350494	0.00693433	61.7385
0.350494	0.00630394	65.0727
0.350494	0.00573086	68.1405
0.350494	0.00520987	70.9665
0.350494	0.00473624	73.6608
0.350494	0.00430568	76.1709
0.350494	0.00391425	78.468
0.350494	0.00355841	80.6836
0.350494	0.00323492	82.6587
0.350494	0.00294083	84.4201
0.350494	0.00267349	85.9601
0.350494	0.00243044	87.2842
0.350494	0.00220949	88.4899
0.350494	0.00200863	89.5733
0.350494	0.00182603	90.521
0.350494	0.00166002	91.3372
0.350494	0.00150911	92.0784
0.350494	0.00137192	92.7264
0.350494	0.0012472	93.3001
0.350494	0.00113382	93.8057
0.350494	0.00103074	94.2452
0.350494	0.000937041	94.6273
0.350494	0.000851855	94.9484
0.350494	0.000774414	95.2239
0.350494	0.000704013	95.4741
0.350494	0.000640011	95.6994
0.350494	0.000581829	95.8915
0.350494	0.000528935	96.0563
0.318631	0.1	41.0149
0.318631	0.0909091	40.4154
0.318631	0.0826446	39.5091
0.318631	0.0751315	37.983
0.318631	0.0683013	36.3363
0.318631	0.0620921	35.1009
0.318631	0.0564474	34.2768
0.318631	0.0513158	33.491
0.318631	0.0466507	32.8103
0.318631	0.0424098	31.949
0.318631	0.0385543	31.0788
0.318631	0.0350494	30.4531
0.318631	0.0318631	29.7588
0.318631	0.0289664	29.3061
0.318631	0.0263331	28.874
0.318631	0.0239392	28.5756
0.318631	0.0217629	28.6669
0.318631	0.0197845	29.3447
0.318631	0.0179859	30.7625
0.318631	0.0163508	31.9796
0.318631	0.0148644	33.116
0.318631	0.0135131	34.5025
0.318631	0.0122846	36.8348
0.318631	0.0111678	39.6506
0.318631	0.0101526	42.8694
0.318631	0.0092296	47.1908
0.318631	0.00839055	51.3394
0.318631	0.00762777	54.986
0.318631	0.00693433	59.05
0.318631	0.00630394	62.7491
0.318631	0.00573086	65.9835
0.318631	0.00520987	68.9682
0.318631	0.00473624	71.7744
0.318631	0.00430568	74.4228
0.318631	0.00391425	76.8664
0.318631	0.00355841	79.1581
0.318631	0.00323492	81.3265
0.318631	0.00294083	83.2278
0.318631	0.00267349	84.9246
0.318631	0.00243044	86.3901
0.318631	0.00220949	87.6742
0.318631	0.00200863	88.8445
0.318631	0.00182603	89.8913
0.318631	0.00166002	90.7906
0.318631	0.00150911	91.5776
0.318631	0.00137192	92.292
0.318631	0.0012472	92.9147
0.318631	0.00113382	93.4688
0.318631	0.00103074	93.9536
0.318631	0.000937041	94.3761
0.318631	0.000851855	94.7391
0.318631	0.000774414	95.0424
0.318631	0.000704013	95.3081
0.318631	0.000640011	95.553
0.318631	0.000581829	95.7669
0.318631	0.000528935	95.9483
0.289664	0.1	42.5399
0.289664	0.0909091	42.0175
0.289664	0.0826446	41.3126
0.289664	0.0751315	40.0235
0.289664	0.0683013	38.0085
0.289664	0.0620921	36.2574
0.289664	0.0564474	35.2628
0.289664	0.0513158	34.4523
0.289664	0.0466507	33.6421
0.289664	0.0424098	32.9668
0.289664	0.0385543	31.8796
0.289664	0.0350494	31.1247
0.289664	0.0318631	30.4215
0.289664	0.0289664	29.7572
0.289664	0.0263331	29.2872
0.289664	0.0239392	28.7941
0.289664	0.0217629	28.4795
0.289664	0.0197845	28.7069
0.289664	0.0179859	29.1729
0.289664	0.0163508	30.7728
0.289664	0.0148644	32.0574
0.289664	0.0135131	33.3161
0.289664	0.0122846	34.5714
0.289664	0.0111678	36.9272
0.289664	0.0101526	40.2212
0.289664	0.0092296	43.2534
0.289664	0.00839055	47.9641
0.289664	0.00762777	52.1892
0.289664	0.00693433	55.6818
0.289664	0.00630394	59.6451
0.289664	0.00573086	63.6896
0.289664	0.00520987	66.9011
0.289664	0.00473624	69.7416
0.289664	0.00430568	72.6041
0.289664	0.00391425	75.2078
0.289664	0.00355841	77.5943
0.289664	0.00323492	79.8811
0.289664	0.00294083	81.9611
0.289664	0.00267349	83.7942
0.289664	0.00243044	85.4261
0.289664	0.00220949	86.8169
0.289664	0.00200863	88.0675
0.289664	0.00182603	89.2018
0.289664	0.00166002	90.2039
0.289664	0.00150911	91.0521
0.289664	0.00137192	91.819
0.289664	0.0012472	92.5026
0.289664	0.00113382	93.103
0.289664	0.00103074	93.6346
0.289664	0.000937041	94.0997
0.289664	0.000851855	94.5049
0.289664	0.000774414	94.8458
0.289664	0.000704013	95.1341
0.289664	0.000640011	95.3933
0.289664	0.000581829	95.6304
0.289664	0.000528935	95.8316
0.263331	0.1	44.1456
0.263331	0.0909091	43.6791
0.263331	0.0826446	43.095
0.263331	0.0751315	42.2074
0.263331	0.0683013	40.2087
0.263331	0.0620921	37.7786
0.263331	0.0564474	36.3561
0.263331	0.0513158	35.4817
0.263331	0.0466507	34.6702
0.263331	0.0424098	33.8567
0.263331	0.0385543	33.1155
0.263331	0.0350494	31.876
0.263331	0.0318631	31.1946
0.263331	0.0289664	30.3805
0.263331	0.0263331	29.7876
0.263331	0.0239392	29.2227
0.263331	0.0217629	28.7417
0.263331	0.0197845	28.4138
0.263331	0.0179859	28.7511
0.263331	0.0163508	29.255
0.263331	0.0148644	30.9554
0.263331	0.0135131	32.3293
0.263331	0.0122846	33.5256
0.263331	0.0111678	34.7593
0.263331	0.0101526	37.0257
0.263331	0.0092296	40.2859
0.263331	0.00839055	43.8484
0.263331	0.00762777	48.0801
0.263331	0.00693433	52.6972
0.263331	0.00630394	56.6021
0.263331	0.00573086	60.2901
0.263331	0.00520987	64.6086
0.263331	0.00473624	67.7975
0.263331	0.00430568	70.6396
0.263331	0.00391425	73.4471
0.263331	0.00355841	76.0062
0.263331	0.00323492	78.3526
0.263331	0.00294083	80.6081
0.263331	0.00267349	82.5897
0.263331	0.00243044	84.3566
0.263331	0.00220949	85.9155
0.263331	0.00200863	87.2453
0.263331	0.00182603	88.4573
0.263331	0.00166002	89.559
0.263331	0.00150911	90.5054
0.263331	0.00137192	91.3111
0.263331	0.0012472	92.0566
0.263331	0.00113382	92.7103
0.263331	0.00103074	93.2891
0.263331	0.000937041	93.798
0.263331	0.000851855	94.2436
0.263331	0.000774414	94.6286
0.263331	0.000704013	94.9488
0.263331	0.000640011	95.2249
0.263331	0.000581829	95.4794
0.263331	0.000528935	95.7049
0.239392	0.1	45.8362
0.239392	0.0909091	45.4134
0.239392	0.0826446	44.9036
0.239392	0.0751315	44.2402
0.239392	0.0683013	42.9212
0.239392	0.0620921	39.9602
0.239392	0.0564474	37.6054
0.239392	0.0513158	36.6045
0.239392	0.0466507	35.7112
0.239392	0.0424098	34.8119
0.239392	0.0385543	34.1358
0.239392	0.0350494	33.2008
0.239392	0.0318631	31.9967
0.239392	0.0289664	31.2696
0.239392	0.0263331	30.3996
0.239392	0.0239392	29.8263
0.239392	0.0217629	29.0791
0.239392	0.0197845	28.6414
0.239392	0.0179859	28.3664
0.239392	0.0163508	28.7925
0.239392	0.0148644	29.262
0.239392	0.0135131	30.83
0.239392	0.0122846	32.4368
0.239392	0.0111678	33.7598
0.239392	0.0101526	34.9959
0.239392	0.0092296	37.3717
0.239392	0.00839055	40.7925
0.239392	0.00762777	44.4989
0.239392	0.00693433	48.1056
0.239392	0.00630394	52.8638
0.239392	0.00573086	57.0624
0.239392	0.00520987	60.8213
0.239392	0.00473624	65.1638
0.239392	0.00430568	68.7042
0.239392	0.00391425	71.5618
0.239392	0.00355841	74.327
0.239392	0.00323492	76.8174
0.239392	0.00294083	79.1432
0.239392	0.00267349	81.3164
0.239392	0.00243044	83.2141
0.239392	0.00220949	84.9191
0.239392	0.00200863	86.3893
0.239392	0.00182603	87.6785
0.239392	0.00166002	88.85
0.239392	0.00150911	89.9086
0.239392	0.00137192	90.7923
0.239392	0.0012472	91.5734
0.239392	0.00113382	92.2893
0.239392	0.00103074	92.9155
0.239392	0.000937041	93.4714
0.239392	0.000851855	93.9588
0.239392	0.000774414	94.3842
0.239392	0.000704013	94.7461
0.239392	0.000640011	95.0484
0.239392	0.000581829	95.3161
0.239392	0.000528935	95.5645
0.217629	0.1	47.6153
0.217629	0.0909091	47.2288
0.217629	0.0826446	46.7722
0.217629	0.0751315	46.2142
0.217629	0.0683013	45.4271
0.217629	0.0620921	43.0466
0.217629	0.0564474	39.2977
0.217629	0.0513158	37.8278
0.217629	0.0466507	36.8485
0.217629	0.0424098	36.0324
0.217629	0.0385543	35.0792
0.217629	0.0350494	34.4133
0.217629	0.0318631	32.9354
0.217629	0.0289664	32.1476
0.217629	0.0263331	31.2714
0.217629	0.0239392	30.4487
0.217629	0.0217629	29.8016
0.217629	0.0197845	28.9155
0.217629	0.0179859	28.4997
0.217629	0.0163508	28.3454
0.217629	0.0148644	28.8074
0.217629	0.0135131	29.2984
0.217629	0.0122846	30.4923
0.217629	0.0111678	32.4651
0.217629	0.0101526	33.8258
0.217629	0.0092296	35.3507
0.217629	0.00839055	37.6534
0.217629	0.00762777	41.24
0.217629	0.00693433	44.6923
0.217629	0.00630394	48.4723
0.217629	0.00573086	52.7564
0.217629	0.00520987	57.4984
0.217629	0.00473624	61.7108
0.217629	0.00430568	65.5728
0.217629	0.00391425	69.5323
0.217629	0.00355841	72.4843
0.217629	0.00323492	75.1504
0.217629	0.00294083	77.6434
0.217629	0.00267349	79.9443
0.217629	0.00243044	82.0031
0.217629	0.00220949	83.8327
0.217629	0.00200863	85.4691
0.217629	0.00182603	86.8586
0.217629	0.00166002	88.0996
0.217629	0.00150911	89.2495
0.217629	0.00137192	90.2427
0.217629	0.0012472	91.0683
0.217629	0.00113382	91.8343
0.217629	0.00103074	92.5174
0.217629	0.000937041	93.1182
0.217629	0.000851855	93.6506
0.217629	0.000774414	94.1163
0.217629	0.000704013	94.5202
0.217629	0.000640011	94.8589
0.217629	0.000581829	95.1459
0.217629	0.000528935	95.409
0.197845	0.1	49.4866
0.197845	0.0909091	49.131
0.197845	0.0826446	48.7167
0.197845	0.0751315	48.2241
0.197845	0.0683013	47.6101
0.197845	0.0620921	46.5234
0.197845	0.0564474	42.2634
0.197845	0.0513158	39.1933
0.197845	0.0466507	38.1595
0.197845	0.0424098	37.1917
0.197845	0.0385543	36.2789
0.197845	0.0350494	35.4853
0.197845	0.0318631	34.5638
0.197845	0.0289664	33.073
0.197845	0.0263331	32.2927
0.197845	0.0239392	31.2347
0.197845	0.0217629	30.521
0.197845	0.0197845	29.5736
0.197845	0.0179859	28.6921
0.197845	0.0163508	28.475
0.197845	0.0148644	28.3097
0.197845	0.0135131	28.8021
0.197845	0.0122846	29.3268
0.197845	0.0111678	30.5339
0.197845	0.0101526	32.6772
0.197845	0.0092296	33.9408
0.197845	0.00839055	35.8669
0.197845	0.00762777	38.3356
0.197845	0.00693433	41.6436
0.197845	0.00630394	45.4347
0.197845	0.00573086	48.7743
0.197845	0.00520987	53.0449
0.197845	0.00473624	58.4112
0.197845	0.00430568	62.69
0.197845	0.00391425	65.8056
0.197845	0.00355841	69.9602
0.197845	0.00323492	73.3734
0.197845	0.00294083	76.0439
0.197845	0.00267349	78.4829
0.197845	0.00243044	80.7218
0.197845	0.00220949	82.6811
0.197845	0.00200863	84.4445
0.197845	0.00182603	85.9957
0.197845	0.00166002	87.3271
0.197845	0.00150911	88.5224
0.197845	0.00137192	89.6393
0.197845	0.0012472	90.5551
0.197845	0.00113382	91.3454
0.197845	0.00103074	92.0889
0.197845	0.000937041	92.7392
0.197845	0.000851855	93.3172
0.197845	0.000774414	93.8256
0.197845	0.000704013	94.2679
0.197845	0.000640011	94.6495
0.197845	0.000581829	94.9669
0.197845	0.000528935	95.2431
0.179859	0.1	51.4543
0.179859	0.0909091	51.1253
0.179859	0.0826446	50.7462
0.179859	0.0751315	50.3025
0.179859	0.0683013	49.7713
0.179859	0.0620921	49.0864
0.179859	0.0564474	46.9093
0.179859	0.0513158	40.9501
0.179859	0.0466507	39.5469
0.179859	0.0424098	38.3977
0.179859	0.0385543	37.5729
0.179859	0.0350494	36.696
0.179859	0.0318631	35.9147
0.179859	0.0289664	34.6191
0.179859	0.0263331	33.2696
0.179859	0.0239392	32.4631
0.179859	0.0217629	31.2615
0.179859	0.0197845	30.5657
0.179859	0.0179859	29.3054
0.179859	0.0163508	28.4041
0.179859	0.0148644	28.4478
0.179859	0.0135131	28.2635
0.179859	0.0122846	28.6262
0.179859	0.0111678	29.3306
0.179859	0.0101526	30.4314
0.179859	0.0092296	32.89
0.179859	0.00839055	34.3171
0.179859	0.00762777	36.5166
0.179859	0.00693433	38.8143
0.179859	0.00630394	42.0101
0.179859	0.00573086	45.76
0.179859	0.00520987	49.1188
0.179859	0.00473624	52.8345
0.179859	0.00430568	57.5936
0.179859	0.00391425	62.7746
0.179859	0.00355841	66.1525
0.179859	0.00323492	70.388
0.179859	0.00294083	74.2748
0.179859	0.00267349	76.9474
0.179859	0.00243044	79.3163
0.179859	0.00220949	81.4718
0.179859	0.00200863	83.3531
0.179859	0.00182603	85.0427
0.179859	0.00166002	86.5165
0.179859	0.00150911	87.7764
0.179859	0.00137192	88.9618
0.179859	0.0012472	90.003
0.179859	0.00113382	90.8496
0.179859	0.00103074	91.6272
0.179859	0.000937041	92.338
0.179859	0.000851855	92.9577
0.179859	0.000774414	93.5115
0.179859	0.000704013	93.9966
0.179859	0.000640011	94.415
0.179859	0.000581829	94.7729
0.179859	0.000528935	95.0709
0.163508	0.1	53.5217
0.163508	0.0909091	53.2169
0.163508	0.0826446	52.8675
0.163508	0.0751315	52.4635
0.163508	0.0683013	51.9891
0.163508	0.0620921	51.4161
0.163508	0.0564474	50.6172
0.163508	0.0513158	45.3558
0.163508	0.0466507	41.0966
0.163508	0.0424098	39.9124
0.163508	0.0385543	38.9082
0.163508	0.0350494	37.781
0.163508	0.0318631	37.1986
0.163508	0.0289664	36.1782
0.163508	0.0263331	34.9121
0.163508	0.0239392	33.5407
0.163508	0.0217629	32.3347
0.163508	0.0197845	31.3617
0.163508	0.0179859	30.3551
0.163508	0.0163508	28.8878
0.163508	0.0148644	28.3253
0.163508	0.0135131	28.1124
0.163508	0.0122846	28.3295
0.163508	0.0111678	28.6868
0.163508	0.0101526	29.4939
0.163508	0.0092296	30.6243
0.163508	0.00839055	33.1205
0.163508	0.00762777	34.8468
0.163508	0.00693433	36.7958
0.163508	0.00630394	39.2734
0.163508	0.00573086	42.6186
0.163508	0.00520987	46.1873
0.163508	0.00473624	49.3135
0.163508	0.00430568	52.8186
0.163508	0.00391425	57.1505
0.163508	0.00355841	63.0083
0.163508	0.00323492	66.9532
0.163508	0.00294083	70.236
0.163508	0.00267349	74.7804
0.163508	0.00243044	77.7743
0.163508	0.00220949	80.0056
0.163508	0.00200863	82.1489
0.163508	0.00182603	84.0054
0.163508	0.00166002	85.6304
0.163508	0.00150911	87.0149
0.163508	0.00137192	88.2323
0.163508	0.0012472	89.389
0.163508	0.00113382	90.3381
0.163508	0.00103074	91.1392
0.163508	0.000937041	91.9046
0.163508	0.000851855	92.5762
0.163508	0.000774414	93.1728
0.163508	0.000704013	93.7004
0.163508	0.000640011	94.1593
0.163508	0.000581829	94.5563
0.163508	0.000528935	94.8891
0.148644	0.1	55.6935
0.148644	0.0909091	55.4097
0.148644	0.0826446	55.0868
0.148644	0.0751315	54.7161
0.148644	0.0683013	54.2864
0.148644	0.0620921	53.7798
0.148644	0.0564474	53.1609
0.148644	0.0513158	51.9791
0.148644	0.0466507	42.7589
0.148644	0.0424098	41.3035
0.148644	0.0385543	39.9965
0.148644	0.0350494	39.1239
0.148644	0.0318631	38.1203
0.148644	0.0289664	37.5442
0.148644	0.0263331	36.2811
0.148644	0.0239392	35.1197
0.148644	0.0217629	33.8124
0.148644	0.0197845	32.0328
0.148644	0.0179859	31.4511
0.148644	0.0163508	29.9684
0.148644	0.0148644	28.6515
0.148644	0.0135131	28.1913
0.148644	0.0122846	28.1701
0.148644	0.0111678	28.4136
0.148644	0.0101526	28.7642
0.148644	0.0092296	29.6249
0.148644	0.00839055	30.4423
0.148644	0.00762777	32.7106
0.148644	0.00693433	35.3724
0.148644	0.00630394	37.4065
0.148644	0.00573086	40.0313
0.148644	0.00520987	43.3603
0.148644	0.00473624	46.4771
0.148644	0.00430568	49.5072
0.148644	0.00391425	52.7217
0.148644	0.00355841	55.903
0.148644	0.00323492	61.8548
0.148644	0.00294083	67.2259
0.148644	0.00267349	70.5781
0.148644	0.00243044	75.1125
0.148644	0.00220949	78.5186
0.148644	0.00200863	80.8086
0.148644	0.00182603	82.8581
0.148644	0.00166002	84.6469
0.148644	0.00150911	86.2047
0.148644	0.00137192	87.4876
0.148644	0.0012472	88.7032
0.148644	0.00113382	89.7814
0.148644	0.00103074	90.6557
0.148644	0.000937041	91.4372
0.148644	0.000851855	92.1734
0.148644	0.000774414	92.809
0.148644	0.000704013	93.3831
0.148644	0.000640011	93.8845
0.148644	0.000581829	94.3145
0.148644	0.000528935	94.6914
0.135131	0.1	57.9736
0.135131	0.0909091	57.7094
0.135131	0.0826446	57.4094
0.135131	0.0751315	57.0677
0.135131	0.0683013	56.675
0.135131	0.0620921	56.2186
0.135131	0.0564474	55.6782
0.135131	0.0513158	55.0062
0.135131	0.0466507	51.3907
0.135131	0.0424098	43.0542
0.135131	0.0385543	41.6384
0.135131	0.0350494	40.6468
0.135131	0.0318631	39.2969
0.135131	0.0289664	38.6773
0.135131	0.0263331	38.0609
0.135131	0.0239392	36.4508
0.135131	0.0217629	35.5139
0.135131	0.0197845	33.9295
0.135131	0.0179859	32.0898
0.135131	0.0163508	31.3614
0.135131	0.0148644	29.2362
0.135131	0.0135131	28.5544
0.135131	0.0122846	28.107
0.135131	0.0111678	28.2637
0.135131	0.0101526	28.489
0.135131	0.0092296	28.6351
0.135131	0.00839055	29.2657
0.135131	0.00762777	30.2978
0.135131	0.00693433	32.3303
0.135131	0.00630394	35.5815
0.135131	0.00573086	37.7593
0.135131	0.00520987	40.4006
0.135131	0.00473624	44.0162
0.135131	0.00430568	47.0446
0.135131	0.00391425	49.68
0.135131	0.00355841	52.7376
0.135131	0.00323492	56.1375
0.135131	0.00294083	61.1946
0.135131	0.00267349	66.3838
0.135131	0.00243044	70.6499
0.135131	0.00220949	74.5603
0.135131	0.00200863	78.8367
0.135131	0.00182603	81.5557
0.135131	0.00166002	83.4455
0.135131	0.00150911	85.2937
0.135131	0.00137192	86.7325
0.135131	0.0012472	87.9811
0.135131	0.00113382	89.1515
0.135131	0.00103074	90.146
0.135131	0.000937041	90.9609
0.135131	0.000851855	91.7414
0.135131	0.000774414	92.4255
0.135131	0.000704013	93.042
0.135131	0.000640011	93.5841
0.135131	0.000581829	94.0585
0.135131	0.000528935	94.4676
0.122846	0.1	60.3673
0.122846	0.0909091	60.1202
0.122846	0.0826446	59.8416
0.122846	0.0751315	59.5249
0.122846	0.0683013	59.1639
0.122846	0.0620921	58.7482
0.122846	0.0564474	58.2642
0.122846	0.0513158	57.6884
0.122846	0.0466507	56.9444
0.122846	0.0424098	46.2204
0.122846	0.0385543	43.4927
0.122846	0.0350494	42.0256
0.122846	0.0318631	41.1322
0.122846	0.0289664	39.9472
0.122846	0.0263331	39.3203
0.122846	0.0239392	38.0882
0.122846	0.0217629	36.6489
0.122846	0.0197845	35.9893
0.122846	0.0179859	33.8895
0.122846	0.0163508	32.3771
0.122846	0.0148644	31.0586
0.122846	0.0135131	28.945
0.122846	0.0122846	28.3794
0.122846	0.0111678	28.0996
0.122846	0.0101526	28.373
0.122846	0.0092296	28.55
0.122846	0.00839055	28.7055
0.122846	0.00762777	29.384
0.122846	0.00693433	30.3267
0.122846	0.00630394	32.1214
0.122846	0.00573086	35.4032
0.122846	0.00520987	38.4233
0.122846	0.00473624	41.3634
0.122846	0.00430568	44.6206
0.122846	0.00391425	47.6672
0.122846	0.00355841	50.0393
0.122846	0.00323492	52.753
0.122846	0.00294083	55.4941
0.122846	0.00267349	60.1144
0.122846	0.00243044	65.6466
0.122846	0.00220949	70.7609
0.122846	0.00200863	74.6054
0.122846	0.00182603	78.8423
0.122846	0.00166002	82.1999
0.122846	0.00150911	84.1109
0.122846	0.00137192	85.8812
0.122846	0.0012472	87.2353
0.122846	0.00113382	88.4676
0.122846	0.00103074	89.5699
0.122846	0.000937041	90.4901
0.122846	0.000851855	91.2732
0.122846	0.000774414	92.0217
0.122846	0.000704013	92.6743
0.122846	0.000640011	93.2653
0.122846	0.000581829	93.7791
0.122846	0.000528935	94.2195
0.111678	0.1	62.8785
0.111678	0.0909091	62.6481
0.111678	0.0826446	62.388
0.111678	0.0751315	62.0945
0.111678	0.0683013	61.7611
0.111678	0.0620921	61.3796
0.111678	0.0564474	60.9407
0.111678	0.0513158	60.4277
0.111678	0.0466507	59.8145
0.111678	0.0424098	58.8351
0.111678	0.0385543	46.9388
0.111678	0.0350494	43.7826
0.111678	0.0318631	42.8043
0.111678	0.0289664	41.2394
0.111678	0.0263331	40.5555
0.111678	0.0239392	40.0227
0.111678	0.0217629	38.4632
0.111678	0.0197845	37.0538
0.111678	0.0179859	36.5179
0.111678	0.0163508	33.7758
0.111678	0.0148644	32.5075
0.111678	0.0135131	30.5867
0.111678	0.0122846	28.6888
0.111678	0.0111678	28.3897
0.111678	0.0101526	28.1454
0.111678	0.0092296	28.4682
0.111678	0.00839055	28.6113
0.111678	0.00762777	28.7666
0.111678	0.00693433	29.5049
0.111678	0.00630394	30.5054
0.111678	0.00573086	32.3583
0.111678	0.00520987	35.8364
0.111678	0.00473624	39.1957
0.111678	0.00430568	42.3326
0.111678	0.00391425	45.15
0.111678	0.00355841	48.2657
0.111678	0.00323492	50.1454
0.111678	0.00294083	52.5331
0.111678	0.00267349	54.99
0.111678	0.00243044	58.5067
0.111678	0.00220949	63.661
0.111678	0.00200863	68.8468
0.111678	0.00182603	73.9737
0.111678	0.00166002	78.2937
0.111678	0.00150911	82.4541
0.111678	0.00137192	84.7812
0.111678	0.0012472	86.3978
0.111678	0.00113382	87.7488
0.111678	0.00103074	88.9279
0.111678	0.000937041	89.9731
0.111678	0.000851855	90.8097
0.111678	0.000774414	91.5961
0.111678	0.000704013	92.2923
0.111678	0.000640011	92.9216
0.111678	0.000581829	93.4764
0.111678	0.000528935	93.9613
0.101526	0.1	65.5136
0.101526	0.0909091	65.2979
0.101526	0.0826446	65.0551
0.101526	0.0751315	64.7815
0.101526	0.0683013	64.4729
0.101526	0.0620921	64.1218
0.101526	0.0564474	63.7201
0.101526	0.0513158	63.2565
0.101526	0.0466507	62.7139
0.101526	0.0424098	62.0607
0.101526	0.0385543	55.3041
0.101526	0.0350494	47.3747
0.101526	0.0318631	44.3078
0.101526	0.0289664	43.4197
0.101526	0.0263331	41.9878
0.101526	0.0239392	41.2844
0.101526	0.0217629	40.273
0.101526	0.0197845	38.4489
0.101526	0.0179859	37.5582
0.101526	0.0163508	37.0224
0.101526	0.0148644	33.8622
0.101526	0.0135131	31.8416
0.101526	0.0122846	29.3512
0.101526	0.0111678	28.6839
0.101526	0.0101526	28.4349
0.101526	0.0092296	28.209
0.101526	0.00839055	28.1811
0.101526	0.00762777	28.3963
0.101526	0.00693433	28.8187
0.101526	0.00630394	29.4048
0.101526	0.00573086	30.7162
0.101526	0.00520987	32.4516
0.101526	0.00473624	36.4338
0.101526	0.00430568	40.0221
0.101526	0.00391425	42.8011
0.101526	0.00355841	45.8607
0.101526	0.00323492	48.1967
0.101526	0.00294083	50.4555
0.101526	0.00267349	52.9491
0.101526	0.00243044	55.5512
0.101526	0.00220949	58.3953
0.101526	0.00200863	63.2371
0.101526	0.00182603	68.0147
0.101526	0.00166002	72.9868
0.101526	0.00150911	77.2766
0.101526	0.00137192	82.1675
0.101526	0.0012472	85.2758
0.101526	0.00113382	86.8277
0.101526	0.00103074	88.25
0.101526	0.000937041	89.3706
0.101526	0.000851855	90.3366
0.101526	0.000774414	91.1264
0.101526	0.000704013	91.8969
0.101526	0.000640011	92.5526
0.101526	0.000581829	93.156
0.101526	0.000528935	93.6807
0.092296	0.1	68.277
0.092296	0.0909091	68.0744
0.092296	0.0826446	67.848
0.092296	0.0751315	67.5932
0.092296	0.0683013	67.3059
0.092296	0.0620921	66.9816
0.092296	0.0564474	66.6125
0.092296	0.0513158	66.1898
0.092296	0.0466507	65.7012
0.092296	0.0424098	65.1279
0.092296	0.0385543	64.4243
0.092296	0.0350494	50.0136
0.092296	0.0318631	47.6583
0.092296	0.0289664	45.1036
0.092296	0.0263331	43.3216
0.092296	0.0239392	42.5257
0.092296	0.0217629	41.9876
0.092296	0.0197845	40.3681
0.092296	0.0179859	38.7035
0.092296	0.0163508	37.9383
0.092296	0.0148644	36.8354
0.092296	0.0135131	33.9925
0.092296	0.0122846	31.5861
0.092296	0.0111678	28.8862
0.092296	0.0101526	28.8184
0.092296	0.0092296	28.424
0.092296	0.00839055	28.2795
0.092296	0.00762777	28.2281
0.092296	0.00693433	28.4746
0.092296	0.00630394	28.9192
0.092296	0.00573086	29.3255
0.092296	0.00520987	30.156
0.092296	0.00473624	31.9043
0.092296	0.00430568	35.6469
0.092296	0.00391425	40.7355
0.092296	0.00355841	43.6394
0.092296	0.00323492	46.5464
0.092296	0.00294083	48.1961
0.092296	0.00267349	50.8045
0.092296	0.00243044	53.032
0.092296	0.00220949	55.3765
0.092296	0.00200863	57.7943
0.092296	0.00182603	62.0461
0.092296	0.00166002	67.159
0.092296	0.00150911	70.9099
0.092296	0.00137192	76.1448
0.092296	0.0012472	81.1015
0.092296	0.00113382	85.4517
0.092296	0.00103074	87.3308
0.092296	0.000937041	88.6834
0.092296	0.000851855	89.7948
0.092296	0.000774414	90.633
0.092296	0.000704013	91.4713
0.092296	0.000640011	92.1712
0.092296	0.000581829	92.8086
0.092296	0.000528935	93.3768
0.0839055	0.1	71.174
0.0839055	0.0909091	70.9841
0.0839055	0.0826446	70.7718
0.0839055	0.0751315	70.5347
0.0839055	0.0683013	70.2676
0.0839055	0.0620921	69.9669
0.0839055	0.0564474	69.626
0.0839055	0.0513158	69.2385
0.0839055	0.0466507	68.7942
0.0839055	0.0424098	68.2801
0.0839055	0.0385543	67.6753
0.0839055	0.0350494	63.5006
0.0839055	0.0318631	50.3019
0.0839055	0.0289664	48.2925
0.0839055	0.0263331	45.7948
0.0839055	0.0239392	44.1373
0.0839055	0.0217629	43.3325
0.0839055	0.0197845	42.334
0.0839055	0.0179859	40.625
0.0839055	0.0163508	39.2512
0.0839055	0.0148644	38.6441
0.0839055	0.0135131	36.7507
0.0839055	0.0122846	34.5464
0.0839055	0.0111678	30.9061
0.0839055	0.0101526	28.8993
0.0839055	0.0092296	28.8862
0.0839055	0.00839055	28.4801
0.0839055	0.00762777	28.3525
0.0839055	0.00693433	28.204
0.0839055	0.00630394	28.3257
0.0839055	0.00573086	29.0024
0.0839055	0.00520987	29.2855
0.0839055	0.00473624	30.244
0.0839055	0.00430568	31.6752
0.0839055	0.00391425	36.2461
0.0839055	0.00355841	41.3841
0.0839055	0.00323492	44.6237
0.0839055	0.00294083	46.5515
0.0839055	0.00267349	48.53
0.0839055	0.00243044	50.8618
0.0839055	0.00220949	53.0609
0.0839055	0.00200863	55.6961
0.0839055	0.00182603	57.5676
0.0839055	0.00166002	60.1224
0.0839055	0.00150911	65.3235
0.0839055	0.00137192	69.8718
0.0839055	0.0012472	74.532
0.0839055	0.00113382	79.662
0.0839055	0.00103074	84.9288
0.0839055	0.000937041	87.6113
0.0839055	0.000851855	88.988
0.0839055	0.000774414	90.125
0.0839055	0.000704013	90.9743
0.0839055	0.000640011	91.7768
0.0839055	0.000581829	92.4399
0.0839055	0.000528935	93.0538
0.0762777	0.1	74.2097
0.0762777	0.0909091	74.0319
0.0762777	0.0826446	73.8334
0.0762777	0.0751315	73.6113
0.0762777	0.0683013	73.3632
0.0762777	0.0620921	73.0836
0.0762777	0.0564474	72.7688
0.0762777	0.0513158	72.4116
0.0762777	0.0466507	72.0053
0.0762777	0.0424098	71.5392
0.0762777	0.0385543	70.9991
0.0762777	0.0350494	70.3612
0.0762777	0.0318631	60.97
0.0762777	0.0289664	50.6479
0.0762777	0.0263331	49.2854
0.0762777	0.0239392	45.8079
0.0762777	0.0217629	44.7421
0.0762777	0.0197845	44.139
0.0762777	0.0179859	42.5803
0.0762777	0.0163508	40.5632
0.0762777	0.0148644	39.8054
0.0762777	0.0135131	39.3136
0.0762777	0.0122846	36.5086
0.0762777	0.0111678	33.8346
0.0762777	0.0101526	30.1573
0.0762777	0.0092296	28.8976
0.0762777	0.00839055	28.9736
0.0762777	0.00762777	28.6959
0.0762777	0.00693433	28.4428
0.0762777	0.00630394	28.0957
0.0762777	0.00573086	28.3806
0.0762777	0.00520987	29.0457
0.0762777	0.00473624	29.1992
0.0762777	0.00430568	29.7225
0.0762777	0.00391425	32.0736
0.0762777	0.00355841	35.4979
0.0762777	0.00323492	41.1248
0.0762777	0.00294083	45.2032
0.0762777	0.00267349	47.0803
0.0762777	0.00243044	48.9365
0.0762777	0.00220949	50.6124
0.0762777	0.00200863	53.5268
0.0762777	0.00182603	55.4846
0.0762777	0.00166002	57.5874
0.0762777	0.00150911	60.1615
0.0762777	0.00137192	64.6596
0.0762777	0.0012472	68.9212
0.0762777	0.00113382	72.7581
0.0762777	0.00103074	77.7678
0.0762777	0.000937041	82.8903
0.0762777	0.000851855	87.4125
0.0762777	0.000774414	89.3911
0.0762777	0.000704013	90.4034
0.0762777	0.000640011	91.3027
0.0762777	0.000581829	92.0608
0.0762777	0.000528935	92.7054
0.0693433	0.1	77.3888
0.0693433	0.0909091	77.223
0.0693433	0.0826446	77.0373
0.0693433	0.0751315	76.83
0.0693433	0.0683013	76.5981
0.0693433	0.0620921	76.3389
0.0693433	0.0564474	76.0467
0.0693433	0.0513158	75.7176
0.0693433	0.0466507	75.3439
0.0693433	0.0424098	74.9187
0.0693433	0.0385543	74.4304
0.0693433	0.0350494	73.864
0.0693433	0.0318631	73.1786
0.0693433	0.0289664	56.6067
0.0693433	0.0263331	52.5175
0.0693433	0.0239392	50.0791
0.0693433	0.0217629	46.7536
0.0693433	0.0197845	45.6123
0.0693433	0.0179859	44.5813
0.0693433	0.0163508	42.7797
0.0693433	0.0148644	41.1562
0.0693433	0.0135131	40.4912
0.0693433	0.0122846	39.8944
0.0693433	0.0111678	36.5688
0.0693433	0.0101526	32.8412
0.0693433	0.0092296	29.5858
0.0693433	0.00839055	29.2998
0.0693433	0.00762777	28.8688
0.0693433	0.00693433	28.6643
0.0693433	0.00630394	28.5286
0.0693433	0.00573086	28.0896
0.0693433	0.00520987	28.4712
0.0693433	0.00473624	28.6504
0.0693433	0.00430568	29.069
0.0693433	0.00391425	30.0269
0.0693433	0.00355841	32.5639
0.0693433	0.00323492	35.5559
0.0693433	0.00294083	40.138
0.0693433	0.00267349	45.6304
0.0693433	0.00243044	47.4736
0.0693433	0.00220949	49.2748
0.0693433	0.00200863	50.9654
0.0693433	0.00182603	53.5287
0.0693433	0.00166002	55.5909
0.0693433	0.00150911	57.803
0.0693433	0.00137192	59.3235
0.0693433	0.0012472	62.4218
0.0693433	0.00113382	67.2148
0.0693433	0.00103074	71.397
0.0693433	0.000937041	75.3139
0.0693433	0.000851855	80.7907
0.0693433	0.000774414	86.5271
0.0693433	0.000704013	89.4731
0.0693433	0.000640011	90.5912
0.0693433	0.000581829	91.5603
0.0693433	0.000528935	92.341
0.0630394	0.1	80.718
0.0630394	0.0909091	80.5617
0.0630394	0.0826446	80.389
0.0630394	0.0751315	80.1955
0.0630394	0.0683013	79.9794
0.0630394	0.0620921	79.7375
0.0630394	0.0564474	79.4674
0.0630394	0.0513158	79.1625
0.0630394	0.0466507	78.819
0.0630394	0.0424098	78.4289
0.0630394	0.0385543	77.9847
0.0630394	0.0350494	77.4741
0.0630394	0.0318631	76.8811
0.0630394	0.0289664	70.3913
0.0630394	0.0263331	55.9686
0.0630394	0.0239392	53.652
0.0630394	0.0217629	50.1633
0.0630394	0.0197845	48.9288
0.0630394	0.0179859	46.4601
0.0630394	0.0163508	45.2297
0.0630394	0.0148644	43.1558
0.0630394	0.0135131	41.8273
0.0630394	0.0122846	41.0495
0.0630394	0.0111678	40.4915
0.0630394	0.0101526	36.3469
0.0630394	0.0092296	32.4872
0.0630394	0.00839055	30.0491
0.0630394	0.00762777	29.2023
0.0630394	0.00693433	28.3616
0.0630394	0.00630394	28.5684
0.0630394	0.00573086	28.2721
0.0630394	0.00520987	27.8956
0.0630394	0.00473624	28.1884
0.0630394	0.00430568	28.2473
0.0630394	0.00391425	28.9218
0.0630394	0.00355841	30.1427
0.0630394	0.00323492	31.7915
0.0630394	0.00294083	35.0135
0.0630394	0.00267349	39.4748
0.0630394	0.00243044	45.5848
0.0630394	0.00220949	48.0466
0.0630394	0.00200863	49.7992
0.0630394	0.00182603	51.3832
0.0630394	0.00166002	53.2469
0.0630394	0.00150911	55.6815
0.0630394	0.00137192	57.509
0.0630394	0.0012472	59.223
0.0630394	0.00113382	61.7792
0.0630394	0.00103074	65.5055
0.0630394	0.000937041	69.8697
0.0630394	0.000851855	74.1295
0.0630394	0.000774414	78.7905
0.0630394	0.000704013	84.9321
0.0630394	0.000640011	89.0173
0.0630394	0.000581829	90.884
0.0630394	0.000528935	91.7871
0.0573086	0.1	84.2011
0.0573086	0.0909091	84.055
0.0573086	0.0826446	83.8925
0.0573086	0.0751315	83.7129
0.0573086	0.0683013	83.5116
0.0573086	0.0620921	83.2868
0.0573086	0.0564474	83.0359
0.0573086	0.0513158	82.7539
0.0573086	0.0466507	82.4365
0.0573086	0.0424098	82.0788
0.0573086	0.0385543	81.6728
0.0573086	0.0350494	81.209
0.0573086	0.0318631	80.6768
0.0573086	0.0289664	80.0565
0.0573086	0.0263331	68.0461
0.0573086	0.0239392	55.8819
0.0573086	0.0217629	54.6126
0.0573086	0.0197845	50.8884
0.0573086	0.0179859	49.8532
0.0573086	0.0163508	47.3255
0.0573086	0.0148644	45.4531
0.0573086	0.0135131	43.1754
0.0573086	0.0122846	42.4157
0.0573086	0.0111678	41.8618
0.0573086	0.0101526	40.655
0.0573086	0.0092296	35.1339
0.0573086	0.00839055	32.8541
0.0573086	0.00762777	30.8389
0.0573086	0.00693433	29.2978
0.0573086	0.00630394	28.9531
0.0573086	0.00573086	28.6414
0.0573086	0.00520987	28.0772
0.0573086	0.00473624	27.9546
0.0573086	0.00430568	28.1072
0.0573086	0.00391425	28.0981
0.0573086	0.00355841	28.7541
0.0573086	0.00323492	30.0764
0.0573086	0.00294083	31.4298
0.0573086	0.00267349	34.6537
0.0573086	0.00243044	38.5677
0.0573086	0.00220949	45.2473
0.0573086	0.00200863	48.4733
0.0573086	0.00182603	50.3589
0.0573086	0.00166002	51.7304
0.0573086	0.00150911	53.5924
0.0573086	0.00137192	55.4291
0.0573086	0.0012472	57.184
0.0573086	0.00113382	58.9896
0.0573086	0.00103074	60.4624
0.0573086	0.000937041	63.2139
0.0573086	0.000851855	67.2745
0.0573086	0.000774414	71.8755
0.0573086	0.000704013	76.5639
0.0573086	0.000640011	81.4691
0.0573086	0.000581829	87.8487
0.0573086	0.000528935	90.7589
0.0520987	0.1	87.8427
0.0520987	0.0909091	87.7063
0.0520987	0.0826446	87.5547
0.0520987	0.0751315	87.3861
0.0520987	0.0683013	87.1997
0.0520987	0.0620921	86.9908
0.0520987	0.0564474	86.7574
0.0520987	0.0513158	86.4969
0.0520987	0.0466507	86.2039
0.0520987	0.0424098	85.8741
0.0520987	0.0385543	85.5023
0.0520987	0.0350494	85.0802
0.0520987	0.0318631	84.5983
0.0520987	0.0289664	84.0438
0.0520987	0.0263331	83.3946
0.0520987	0.0239392	64.6879
0.0520987	0.0217629	57.1264
0.0520987	0.0197845	55.1767
0.0520987	0.0179859	53.5189
0.0520987	0.0163508	50.9677
0.0520987	0.0148644	47.908
0.0520987	0.0135131	45.8655
0.0520987	0.0122846	43.9527
0.0520987	0.0111678	43.1727
0.0520987	0.0101526	42.366
0.0520987	0.0092296	39.0565
0.0520987	0.00839055	33.6988
0.0520987	0.00762777	31.8077
0.0520987	0.00693433	31.1524
0.0520987	0.00630394	30.0164
0.0520987	0.00573086	29.3457
0.0520987	0.00520987	28.9697
0.0520987	0.00473624	28.3264
0.0520987	0.00430568	28.1636
0.0520987	0.00391425	27.8976
0.0520987	0.00355841	28.0491
0.0520987	0.00323492	28.7762
0.0520987	0.00294083	29.9903
0.0520987	0.00267349	31.6186
0.0520987	0.00243044	33.6978
0.0520987	0.00220949	37.8727
0.0520987	0.00200863	43.0425
0.0520987	0.00182603	48.6559
0.0520987	0.00166002	50.7782
0.0520987	0.00150911	52.1606
0.0520987	0.00137192	53.7388
0.0520987	0.0012472	55.5135
0.0520987	0.00113382	57.5129
0.0520987	0.00103074	58.6415
0.0520987	0.000937041	60.478
0.0520987	0.000851855	62.6152
0.0520987	0.000774414	65.8847
0.0520987	0.000704013	70.0139
0.0520987	0.000640011	74.3109
0.0520987	0.000581829	78.7298
0.0520987	0.000528935	84.8386
0.0473624	0.1	91.6471
0.0473624	0.0909091	91.5198
0.0473624	0.0826446	91.3785
0.0473624	0.0751315	91.2216
0.0473624	0.0683013	91.047
0.0473624	0.0620921	90.8541
0.0473624	0.0564474	90.6377
0.0473624	0.0513158	90.396
0.0473624	0.0466507	90.1261
0.0473624	0.0424098	89.8225
0.0473624	0.0385543	89.4806
0.0473624	0.0350494	89.0952
0.0473624	0.0318631	88.6573
0.0473624	0.0289664	88.1572
0.0473624	0.0263331	87.5814
0.0473624	0.0239392	86.8524
0.0473624	0.0217629	63.2944
0.0473624	0.0197845	58.6197
0.0473624	0.0179859	55.5997
0.0473624	0.0163508	54.3897
0.0473624	0.0148644	51.7426
0.0473624	0.0135131	48.6274
0.0473624	0.0122846	46.6796
0.0473624	0.0111678	45.1731
0.0473624	0.0101526	44.3399
0.0473624	0.0092296	43.2762
0.0473624	0.00839055	37.8304
0.0473624	0.00762777	33.9067
0.0473624	0.00693433	31.9409
0.0473624	0.00630394	31.7943
0.0473624	0.00573086	30.7295
0.0473624	0.00520987	29.8556
0.0473624	0.00473624	29.4366
0.0473624	0.00430568	28.4038
0.0473624	0.00391425	28.2207
0.0473624	0.00355841	27.8759
0.0473624	0.00323492	28.0074
0.0473624	0.00294083	29.0393
0.0473624	0.00267349	29.8522
0.0473624	0.00243044	31.0592
0.0473624	0.00220949	33.1205
0.0473624	0.00200863	37.0707
0.0473624	0.00182603	40.6146
0.0473624	0.00166002	48.7653
0.0473624	0.00150911	51.2425
0.0473624	0.00137192	52.5085
0.0473624	0.0012472	53.7868
0.0473624	0.00113382	55.4461
0.0473624	0.00103074	56.7654
0.0473624	0.000937041	58.7664
0.0473624	0.000851855	59.8314
0.0473624	0.000774414	61.6861
0.0473624	0.000704013	64.3657
0.0473624	0.000640011	67.6776
0.0473624	0.000581829	72.1721
0.0473624	0.000528935	76.6819
0.0430568	0.1	95.6178
0.0430568	0.0909091	95.4993
0.0430568	0.0826446	95.3679
0.0430568	0.0751315	95.2221
0.0430568	0.0683013	95.06
0.0430568	0.0620921	94.8798
0.0430568	0.0564474	94.6805
0.0430568	0.0513158	94.457
0.0430568	0.0466507	94.2072
0.0430568	0.0424098	93.9283
0.0430568	0.0385543	93.6145
0.0430568	0.0350494	93.261
0.0430568	0.0318631	92.8624
0.0430568	0.0289664	92.4095
0.0430568	0.0263331	91.8919
0.0430568	0.0239392	91.2956
0.0430568	0.0217629	79.9305
0.0430568	0.0197845	61.7593
0.0430568	0.0179859	59.4151
0.0430568	0.0163508	57.0169
0.0430568	0.0148644	55.7729
0.0430568	0.0135131	53.1026
0.0430568	0.0122846	51.3635
0.0430568	0.0111678	47.261
0.0430568	0.0101526	46.6078
0.0430568	0.0092296	45.5336
0.0430568	0.00839055	44.433
0.0430568	0.00762777	36.1409
0.0430568	0.00693433	33.7069
0.0430568	0.00630394	32.4592
0.0430568	0.00573086	32.0104
0.0430568	0.00520987	30.8482
0.0430568	0.00473624	29.9435
0.0430568	0.00430568	29.465
0.0430568	0.00391425	28.4427
0.0430568	0.00355841	28.3004
0.0430568	0.00323492	27.7004
0.0430568	0.00294083	28.5448
0.0430568	0.00267349	29.1621
0.0430568	0.00243044	30.2452
0.0430568	0.00220949	30.7372
0.0430568	0.00200863	32.8748
0.0430568	0.00182603	36.1693
0.0430568	0.00166002	39.5187
0.0430568	0.00150911	48.1709
0.0430568	0.00137192	51.2751
0.0430568	0.0012472	52.7198
0.0430568	0.00113382	53.4046
0.0430568	0.00103074	55.0838
0.0430568	0.000937041	56.7332
0.0430568	0.000851855	58.3918
0.0430568	0.000774414	59.5704
0.0430568	0.000704013	60.8856
0.0430568	0.000640011	63.0085
0.0430568	0.000581829	65.9456
0.0430568	0.000528935	69.4265
0.0391425	0.1	99.7582
0.0391425	0.0909091	99.648
0.0391425	0.0826446	99.526
0.0391425	0.0751315	99.3907
0.0391425	0.0683013	99.2405
0.0391425	0.0620921	99.0737
0.0391425	0.0564474	98.888
0.0391425	0.0513158	98.6827
0.0391425	0.0466507	98.4525
0.0391425	0.0424098	98.1951
0.0391425	0.0385543	97.9077
0.0391425	0.0350494	97.5843
0.0391425	0.0318631	97.2198
0.0391425	0.0289664	96.8088
0.0391425	0.0263331	96.3416
0.0391425	0.0239392	95.8075
0.0391425	0.0217629	95.1918
0.0391425	0.0197845	80.3055
0.0391425	0.0179859	65.1949
0.0391425	0.0163508	62.1062
0.0391425	0.0148644	57.337
0.0391425	0.0135131	55.8807
0.0391425	0.0122846	55.129
0.0391425	0.0111678	51.2734
0.0391425	0.0101526	47.4878
0.0391425	0.0092296	46.7464
0.0391425	0.00839055	45.4638
0.0391425	0.00762777	45.1498
0.0391425	0.00693433	37.7311
0.0391425	0.00630394	33.7819
0.0391425	0.00573086	33.5548
0.0391425	0.00520987	32.1625
0.0391425	0.00473624	31.2424
0.0391425	0.00430568	30.0751
0.0391425	0.00391425	29.14
0.0391425	0.00355841	29.0058
0.0391425	0.00323492	28.2114
0.0391425	0.00294083	28.0443
0.0391425	0.00267349	28.8641
0.0391425	0.00243044	28.8627
0.0391425	0.00220949	30.0797
0.0391425	0.00200863	30.8245
0.0391425	0.00182603	32.4798
0.0391425	0.00166002	35.2817
0.0391425	0.00150911	38.553
0.0391425	0.00137192	44.4363
0.0391425	0.0012472	50.9408
0.0391425	0.00113382	52.8134
0.0391425	0.00103074	53.6735
0.0391425	0.000937041	54.8802
0.0391425	0.000851855	56.6191
0.0391425	0.000774414	57.7986
0.0391425	0.000704013	59.5278
0.0391425	0.000640011	60.5251
0.0391425	0.000581829	62.0704
0.0391425	0.000528935	64.6949
0.0355841	0.1	104.069
0.0355841	0.0909091	103.968
0.0355841	0.0826446	103.855
0.0355841	0.0751315	103.73
0.0355841	0.0683013	103.591
0.0355841	0.0620921	103.437
0.0355841	0.0564474	103.266
0.0355841	0.0513158	103.075
0.0355841	0.0466507	102.864
0.0355841	0.0424098	102.628
0.0355841	0.0385543	102.363
0.0355841	0.0350494	102.068
0.0355841	0.0318631	101.736
0.0355841	0.0289664	101.362
0.0355841	0.0263331	100.939
0.0355841	0.0239392	100.458
0.0355841	0.0217629	99.9087
0.0355841	0.0197845	99.2751
0.0355841	0.0179859	75.6393
0.0355841	0.0163508	67.2707
0.0355841	0.0148644	63.6966
0.0355841	0.0135131	62.309
0.0355841	0.0122846	58.0209
0.0355841	0.0111678	56.1705
0.0355841	0.0101526	52.4476
0.0355841	0.0092296	49.4055
0.0355841	0.00839055	48.4375
0.0355841	0.00762777	46.9072
0.0355841	0.00693433	45.5947
0.0355841	0.00630394	38.1599
0.0355841	0.00573086	33.9783
0.0355841	0.00520987	33.8445
0.0355841	0.00473624	32.3378
0.0355841	0.00430568	31.9151
0.0355841	0.00391425	30.991
0.0355841	0.00355841	29.9437
0.0355841	0.00323492	29.1293
0.0355841	0.00294083	28.1703
0.0355841	0.00267349	28.4313
0.0355841	0.00243044	28.8286
0.0355841	0.00220949	29.3234
0.0355841	0.00200863	29.847
0.0355841	0.00182603	30.7221
0.0355841	0.00166002	31.7117
0.0355841	0.00150911	33.4146
0.0355841	0.00137192	36.9348
0.0355841	0.0012472	40.957
0.0355841	0.00113382	50.3947
0.0355841	0.00103074	52.957
0.0355841	0.000937041	53.7461
0.0355841	0.000851855	54.2323
0.0355841	0.000774414	56.0664
0.0355841	0.000704013	57.8605
0.0355841	0.000640011	59.0709
0.0355841	0.000581829	60.3991
0.0355841	0.000528935	61.4534
0.0323492	0.1	108.556
0.0323492	0.0909091	108.461
0.0323492	0.0826446	108.358
0.0323492	0.0751315	108.242
0.0323492	0.0683013	108.114
0.0323492	0.0620921	107.972
0.0323492	0.0564474	107.814
0.0323492	0.0513158	107.638
0.0323492	0.0466507	107.443
0.0323492	0.0424098	107.227
0.0323492	0.0385543	106.985
0.0323492	0.0350494	106.715
0.0323492	0.0318631	106.412
0.0323492	0.0289664	106.072
0.0323492	0.0263331	105.688
0.0323492	0.0239392	105.255
0.0323492	0.0217629	104.763
0.0323492	0.0197845	104.2
0.0323492	0.0179859	103.452
0.0323492	0.0163508	76.602
0.0323492	0.0148644	68.3603
0.0323492	0.0135131	65.3441
0.0323492	0.0122846	63.1714
0.0323492	0.0111678	59.4911
0.0323492	0.0101526	57.0919
0.0323492	0.0092296	54.6517
0.0323492	0.00839055	52.5949
0.0323492	0.00762777	49.5043
0.0323492	0.00693433	47.6848
0.0323492	0.00630394	40.6161
0.0323492	0.00573086	36.6478
0.0323492	0.00520987	34.6524
0.0323492	0.00473624	34.1768
0.0323492	0.00430568	33.8149
0.0323492	0.00391425	32.1473
0.0323492	0.00355841	31.1673
0.0323492	0.00323492	30.2062
0.0323492	0.00294083	29.1725
0.0323492	0.00267349	29.3953
0.0323492	0.00243044	28.6175
0.0323492	0.00220949	28.8881
0.0323492	0.00200863	29.2925
0.0323492	0.00182603	29.8357
0.0323492	0.00166002	30.652
0.0323492	0.00150911	31.4527
0.0323492	0.00137192	32.9031
0.0323492	0.0012472	35.91
0.0323492	0.00113382	39.8919
0.0323492	0.00103074	49.2359
0.0323492	0.000937041	52.5927
0.0323492	0.000851855	53.7934
0.0323492	0.000774414	54.4361
0.0323492	0.000704013	56
0.0323492	0.000640011	57.6082
0.0323492	0.000581829	58.6979
0.0323492	0.000528935	60.1296
0.0294083	0.1	113.217
0.0294083	0.0909091	113.129
0.0294083	0.0826446	113.032
0.0294083	0.0751315	112.927
0.0294083	0.0683013	112.809
0.0294083	0.0620921	112.678
0.0294083	0.0564474	112.533
0.0294083	0.0513158	112.372
0.0294083	0.0466507	112.193
0.0294083	0.0424098	111.994
0.0294083	0.0385543	111.774
0.0294083	0.0350494	111.527
0.0294083	0.0318631	111.251
0.0294083	0.0289664	110.942
0.0294083	0.0263331	110.595
0.0294083	0.0239392	110.203
0.0294083	0.0217629	109.761
0.0294083	0.0197845	109.258
0.0294083	0.0179859	108.683
0.0294083	0.0163508	98.4864
0.0294083	0.0148644	77.5533
0.0294083	0.0135131	71.0108
0.0294083	0.0122846	68.7605
0.0294083	0.0111678	64.2701
0.0294083	0.0101526	59.5783
0.0294083	0.0092296	57.3269
0.0294083	0.00839055	55.3432
0.0294083	0.00762777	53.2564
0.0294083	0.00693433	50.6709
0.0294083	0.00630394	48.7243
0.0294083	0.00573086	40.536
0.0294083	0.00520987	35.9787
0.0294083	0.00473624	34.8529
0.0294083	0.00430568	34.3966
0.0294083	0.00391425	34.0328
0.0294083	0.00355841	32.2868
0.0294083	0.00323492	31.688
0.0294083	0.00294083	31.1206
0.0294083	0.00267349	30.3956
0.0294083	0.00243044	28.769
0.0294083	0.00220949	28.7356
0.0294083	0.00200863	29.2979
0.0294083	0.00182603	29.0174
0.0294083	0.00166002	29.5954
0.0294083	0.00150911	30.4571
0.0294083	0.00137192	31.1144
0.0294083	0.0012472	32.2714
0.0294083	0.00113382	34.2581
0.0294083	0.00103074	38.2561
0.0294083	0.000937041	43.6981
0.0294083	0.000851855	52.0886
0.0294083	0.000774414	53.8272
0.0294083	0.000704013	54.5282
0.0294083	0.000640011	55.1381
0.0294083	0.000581829	57.0377
0.0294083	0.000528935	58.3869
0.0267349	0.1	118.052
0.0267349	0.0909091	117.971
0.0267349	0.0826446	117.882
0.0267349	0.0751315	117.784
0.0267349	0.0683013	117.677
0.0267349	0.0620921	117.557
0.0267349	0.0564474	117.424
0.0267349	0.0513158	117.277
0.0267349	0.0466507	117.113
0.0267349	0.0424098	116.931
0.0267349	0.0385543	116.729
0.0267349	0.0350494	116.505
0.0267349	0.0318631	116.254
0.0267349	0.0289664	115.973
0.0267349	0.0263331	115.659
0.0267349	0.0239392	115.306
0.0267349	0.0217629	114.907
0.0267349	0.0197845	114.458
0.0267349	0.0179859	113.947
0.0267349	0.0163508	113.362
0.0267349	0.0148644	95.5892
0.0267349	0.0135131	77.7036
0.0267349	0.0122846	72.5316
0.0267349	0.0111678	70.3193
0.0267349	0.0101526	66.0118
0.0267349	0.0092296	63.6921
0.0267349	0.00839055	58.1173
0.0267349	0.00762777	56.6599
0.0267349	0.00693433	56.287
0.0267349	0.00630394	53.8691
0.0267349	0.00573086	50.2664
0.0267349	0.00520987	41.4025
0.0267349	0.00473624	36.0522
0.0267349	0.00430568	35.2774
0.0267349	0.00391425	35.0473
0.0267349	0.00355841	34.6004
0.0267349	0.00323492	32.4695
0.0267349	0.00294083	32.4405
0.0267349	0.00267349	31.4848
0.0267349	0.00243044	31.4779
0.0267349	0.00220949	30.0313
0.0267349	0.00200863	29.9326
0.0267349	0.00182603	29.6831
0.0267349	0.00166002	29.0909
0.0267349	0.00150911	29.836
0.0267349	0.00137192	30.4625
0.0267349	0.0012472	31.1839
0.0267349	0.00113382	31.9906
0.0267349	0.00103074	34.0848
0.0267349	0.000937041	37.8871
0.0267349	0.000851855	43.6798
0.0267349	0.000774414	51.9118
0.0267349	0.000704013	53.6616
0.0267349	0.000640011	54.6424
0.0267349	0.000581829	55.2779
0.0267349	0.000528935	56.8665
0.0243044	0.1	123.059
0.0243044	0.0909091	122.986
0.0243044	0.0826446	122.904
0.0243044	0.0751315	122.814
0.0243044	0.0683013	122.715
0.0243044	0.0620921	122.606
0.0243044	0.0564474	122.485
0.0243044	0.0513158	122.35
0.0243044	0.0466507	122.201
0.0243044	0.0424098	122.035
0.0243044	0.0385543	121.851
0.0243044	0.0350494	121.646
0.0243044	0.0318631	121.419
0.0243044	0.0289664	121.165
0.0243044	0.0263331	120.88
0.0243044	0.0239392	120.563
0.0243044	0.0217629	120.205
0.0243044	0.0197845	119.801
0.0243044	0.0179859	119.346
0.0243044	0.0163508	118.828
0.0243044	0.0148644	118.236
0.0243044	0.0135131	95.1432
0.0243044	0.0122846	82.5212
0.0243044	0.0111678	77.5337
0.0243044	0.0101526	74.7067
0.0243044	0.0092296	70.1058
0.0243044	0.00839055	64.7537
0.0243044	0.00762777	58.5087
0.0243044	0.00693433	57.9898
0.0243044	0.00630394	57.386
0.0243044	0.00573086	54.6819
0.0243044	0.00520987	48.8163
0.0243044	0.00473624	42.4927
0.0243044	0.00430568	39.8428
0.0243044	0.00391425	39.3222
0.0243044	0.00355841	37.3695
0.0243044	0.00323492	36.9505
0.0243044	0.00294083	35.7411
0.0243044	0.00267349	32.7702
0.0243044	0.00243044	31.8028
0.0243044	0.00220949	32.5884
0.0243044	0.00200863	30.2652
0.0243044	0.00182603	30.0827
0.0243044	0.00166002	30.2857
0.0243044	0.00150911	29.2672
0.0243044	0.00137192	30.0836
0.0243044	0.0012472	30.9624
0.0243044	0.00113382	31.5967
0.0243044	0.00103074	31.7861
0.0243044	0.000937041	33.3609
0.0243044	0.000851855	36.1308
0.0243044	0.000774414	41.6278
0.0243044	0.000704013	50.4023
0.0243044	0.000640011	53.6925
0.0243044	0.000581829	54.7293
0.0243044	0.000528935	55.3921
0.0220949	0.1	128.237
0.0220949	0.0909091	128.169
0.0220949	0.0826446	128.095
0.0220949	0.0751315	128.013
0.0220949	0.0683013	127.922
0.0220949	0.0620921	127.822
0.0220949	0.0564474	127.713
0.0220949	0.0513158	127.59
0.0220949	0.0466507	127.454
0.0220949	0.0424098	127.304
0.0220949	0.0385543	127.137
0.0220949	0.0350494	126.951
0.0220949	0.0318631	126.744
0.0220949	0.0289664	126.515
0.0220949	0.0263331	126.259
0.0220949	0.0239392	125.972
0.0220949	0.0217629	125.651
0.0220949	0.0197845	125.29
0.0220949	0.0179859	124.883
0.0220949	0.0163508	124.424
0.0220949	0.0148644	123.902
0.0220949	0.0135131	123.306
0.0220949	0.0122846	93.4702
0.0220949	0.0111678	80.4079
0.0220949	0.0101526	75.715
0.0220949	0.0092296	72.8584
0.0220949	0.00839055	70.2461
0.0220949	0.00762777	64.85
0.0220949	0.00693433	59.4011
0.0220949	0.00630394	58.8741
0.0220949	0.00573086	57.6716
0.0220949	0.00520987	54.8934
0.0220949	0.00473624	47.3187
0.0220949	0.00430568	41.7799
0.0220949	0.00391425	39.6097
0.0220949	0.00355841	39.5188
0.0220949	0.00323492	38.0294
0.0220949	0.00294083	37.2809
0.0220949	0.00267349	37.2253
0.0220949	0.00243044	33.2276
0.0220949	0.00220949	33.7588
0.0220949	0.00200863	32.8571
0.0220949	0.00182603	32.4558
0.0220949	0.00166002	30.7816
0.0220949	0.00150911	31.041
0.0220949	0.00137192	30.4843
0.0220949	0.0012472	30.1955
0.0220949	0.00113382	30.8113
0.0220949	0.00103074	31.6714
0.0220949	0.000937041	31.7383
0.0220949	0.000851855	32.3632
0.0220949	0.000774414	34.0956
0.0220949	0.000704013	38.1589
0.0220949	0.000640011	43.2273
0.0220949	0.000581829	50.4215
0.0220949	0.000528935	54.4233
0.0200863	0.1	133.58
0.0200863	0.0909091	133.518
0.0200863	0.0826446	133.451
0.0200863	0.0751315	133.376
0.0200863	0.0683013	133.294
0.0200863	0.0620921	133.203
0.0200863	0.0564474	133.102
0.0200863	0.0513158	132.992
0.0200863	0.0466507	132.869
0.0200863	0.0424098	132.733
0.0200863	0.0385543	132.581
0.0200863	0.0350494	132.413
0.0200863	0.0318631	132.227
0.0200863	0.0289664	132.019
0.0200863	0.0263331	131.789
0.0200863	0.0239392	131.531
0.0200863	0.0217629	131.243
0.0200863	0.0197845	130.92
0.0200863	0.0179859	130.559
0.0200863	0.0163508	130.15
0.0200863	0.0148644	129.69
0.0200863	0.0135131	129.166
0.0200863	0.0122846	128.565
0.0200863	0.0111678	93.8285
0.0200863	0.0101526	82.2754
0.0200863	0.0092296	78.5048
0.0200863	0.00839055	75.6246
0.0200863	0.00762777	74.3788
0.0200863	0.00693433	71.1965
0.0200863	0.00630394	65.5875
0.0200863	0.00573086	60.746
0.0200863	0.00520987	58.7273
0.0200863	0.00473624	55.9457
0.0200863	0.00430568	48.2362
0.0200863	0.00391425	42.149
0.0200863	0.00355841	41.285
0.0200863	0.00323492	40.9129
0.0200863	0.00294083	40.4835
0.0200863	0.00267349	38.3091
0.0200863	0.00243044	38.292
0.0200863	0.00220949	36.5018
0.0200863	0.00200863	34.3598
0.0200863	0.00182603	33.2683
0.0200863	0.00166002	33.0556
0.0200863	0.00150911	30.842
