1	0.1	20.5387
1	0.0909091	20.1083
1	0.0826446	19.7329
1	0.0751315	19.4131
1	0.0683013	19.1498
1	0.0620921	18.9452
1	0.0564474	18.8033
1	0.0513158	18.7333
1	0.0466507	18.7534
1	0.0424098	18.8793
1	0.0385543	19.1265
1	0.0350494	19.5379
1	0.0318631	20.202
1	0.0289664	21.1781
1	0.0263331	22.4338
1	0.0239392	23.974
1	0.0217629	25.8122
1	0.0197845	27.8706
1	0.0179859	30.0695
1	0.0163508	32.3421
1	0.0148644	34.6217
1	0.0135131	36.8691
1	0.0122846	39.0156
1	0.0111678	41.0125
1	0.0101526	42.8379
1	0.0092296	44.4925
1	0.00839055	45.995
1	0.00762777	47.3515
1	0.00693433	48.5729
1	0.00630394	49.6659
1	0.00573086	50.6319
1	0.00520987	51.4828
1	0.00473624	52.2319
1	0.00430568	52.8927
1	0.00391425	53.4766
1	0.00355841	53.9926
1	0.00323492	54.4467
1	0.00294083	54.8422
1	0.00267349	55.1831
1	0.00243044	55.4761
1	0.00220949	55.7283
1	0.00200863	55.9462
1	0.00182603	56.1344
1	0.00166002	56.2956
1	0.00150911	56.4328
1	0.00137192	56.5493
1	0.0012472	56.648
1	0.00113382	56.7318
1	0.00103074	56.8029
1	0.000937041	56.8633
1	0.000851855	56.9146
1	0.000774414	56.9582
1	0.000704013	56.9952
1	0.000640011	57.0267
1	0.000581829	57.0534
1	0.000528935	57.0762
0.909091	0.1	20.6102
0.909091	0.0909091	20.1033
0.909091	0.0826446	19.6522
0.909091	0.0751315	19.2573
0.909091	0.0683013	18.9196
0.909091	0.0620921	18.6406
0.909091	0.0564474	18.4227
0.909091	0.0513158	18.2698
0.909091	0.0466507	18.1917
0.909091	0.0424098	18.2096
0.909091	0.0385543	18.337
0.909091	0.0350494	18.5878
0.909091	0.0318631	19.0138
0.909091	0.0289664	19.7192
0.909091	0.0263331	20.7553
0.909091	0.0239392	22.0728
0.909091	0.0217629	23.6998
0.909091	0.0197845	25.6411
0.909091	0.0179859	27.7972
0.909091	0.0163508	30.0879
0.909091	0.0148644	32.4351
0.909091	0.0135131	34.7779
0.909091	0.0122846	37.0788
0.909091	0.0111678	39.257
0.909091	0.0101526	41.2684
0.909091	0.0092296	43.0929
0.909091	0.00839055	44.7424
0.909091	0.00762777	46.2375
0.909091	0.00693433	47.5839
0.909091	0.00630394	48.7959
0.909091	0.00573086	49.8763
0.909091	0.00520987	50.8267
0.909091	0.00473624	51.6617
0.909091	0.00430568	52.395
0.909091	0.00391425	53.0417
0.909091	0.00355841	53.6129
0.909091	0.00323492	54.1174
0.909091	0.00294083	54.5607
0.909091	0.00267349	54.9447
0.909091	0.00243044	55.2742
0.909091	0.00220949	55.5566
0.909091	0.00200863	55.7997
0.909091	0.00182603	56.0097
0.909091	0.00166002	56.1906
0.909091	0.00150911	56.345
0.909091	0.00137192	56.4758
0.909091	0.0012472	56.5865
0.909091	0.00113382	56.6802
0.909091	0.00103074	56.7595
0.909091	0.000937041	56.8267
0.909091	0.000851855	56.8838
0.909091	0.000774414	56.9321
0.909091	0.000704013	56.9732
0.909091	0.000640011	57.008
0.909091	0.000581829	57.0377
0.909091	0.000528935	57.0628
0.826446	0.1	20.8109
0.826446	0.0909091	20.2253
0.826446	0.0826446	19.6954
0.826446	0.0751315	19.2221
0.826446	0.0683013	18.8069
0.826446	0.0620921	18.4516
0.826446	0.0564474	18.1581
0.826446	0.0513158	17.9286
0.826446	0.0466507	17.767
0.826446	0.0424098	17.6842
0.826446	0.0385543	17.7042
0.826446	0.0350494	17.8368
0.826446	0.0318631	18.0948
0.826446	0.0289664	18.5431
0.826446	0.0263331	19.2993
0.826446	0.0239392	20.3986
0.826446	0.0217629	21.7802
0.826446	0.0197845	23.5025
0.826446	0.0179859	25.548
0.826446	0.0163508	27.8001
0.826446	0.0148644	30.1777
0.826446	0.0135131	32.5904
0.826446	0.0122846	34.9923
0.826446	0.0111678	37.3379
0.826446	0.0101526	39.5378
0.826446	0.0092296	41.5533
0.826446	0.00839055	43.3692
0.826446	0.00762777	45.0095
0.826446	0.00693433	46.493
0.826446	0.00630394	47.8267
0.826446	0.00573086	49.0275
0.826446	0.00520987	50.092
0.826446	0.00473624	51.0249
0.826446	0.00430568	51.8423
0.826446	0.00391425	52.5589
0.826446	0.00355841	53.1909
0.826446	0.00323492	53.749
0.826446	0.00294083	54.242
0.826446	0.00267349	54.6736
0.826446	0.00243044	55.0455
0.826446	0.00220949	55.3633
0.826446	0.00200863	55.6352
0.826446	0.00182603	55.8692
0.826446	0.00166002	56.0715
0.826446	0.00150911	56.2452
0.826446	0.00137192	56.3927
0.826446	0.0012472	56.5171
0.826446	0.00113382	56.6221
0.826446	0.00103074	56.7109
0.826446	0.000937041	56.7859
0.826446	0.000851855	56.8494
0.826446	0.000774414	56.9031
0.826446	0.000704013	56.9487
0.826446	0.000640011	56.9874
0.826446	0.000581829	57.0202
0.826446	0.000528935	57.0481
0.751315	0.1	21.1435
0.751315	0.0909091	20.4777
0.751315	0.0826446	19.8664
0.751315	0.0751315	19.3108
0.751315	0.0683013	18.8138
0.751315	0.0620921	18.3781
0.751315	0.0564474	18.0059
0.751315	0.0513158	17.6995
0.751315	0.0466507	17.4608
0.751315	0.0424098	17.2934
0.751315	0.0385543	17.2102
0.751315	0.0350494	17.2375
0.751315	0.0318631	17.3783
0.751315	0.0289664	17.6482
0.751315	0.0263331	18.1279
0.751315	0.0239392	18.9453
0.751315	0.0217629	20.1077
0.751315	0.0197845	21.5591
0.751315	0.0179859	23.386
0.751315	0.0163508	25.5343
0.751315	0.0148644	27.8806
0.751315	0.0135131	30.3377
0.751315	0.0122846	32.807
0.751315	0.0111678	35.2641
0.751315	0.0101526	37.6436
0.751315	0.0092296	39.8547
0.751315	0.00839055	41.8635
0.751315	0.00762777	43.6647
0.751315	0.00693433	45.2922
0.751315	0.00630394	46.7601
0.751315	0.00573086	48.0794
0.751315	0.00520987	49.2666
0.751315	0.00473624	50.3122
0.751315	0.00430568	51.2258
0.751315	0.00391425	52.0238
0.751315	0.00355841	52.7231
0.751315	0.00323492	53.34
0.751315	0.00294083	53.8847
0.751315	0.00267349	54.3659
0.751315	0.00243044	54.7853
0.751315	0.00220949	55.1444
0.751315	0.00200863	55.4503
0.751315	0.00182603	55.7118
0.751315	0.00166002	55.937
0.751315	0.00150911	56.1317
0.751315	0.00137192	56.2981
0.751315	0.0012472	56.4386
0.751315	0.00113382	56.5567
0.751315	0.00103074	56.6562
0.751315	0.000937041	56.7401
0.751315	0.000851855	56.811
0.751315	0.000774414	56.8709
0.751315	0.000704013	56.9215
0.751315	0.000640011	56.9644
0.751315	0.000581829	57.0008
0.751315	0.000528935	57.0316
0.683013	0.1	21.6096
0.683013	0.0909091	20.8631
0.683013	0.0826446	20.1697
0.683013	0.0751315	19.5286
0.683013	0.0683013	18.9449
0.683013	0.0620921	18.4232
0.683013	0.0564474	17.9671
0.683013	0.0513158	17.5796
0.683013	0.0466507	17.2627
0.683013	0.0424098	17.0176
0.683013	0.0385543	16.8482
0.683013	0.0350494	16.7697
0.683013	0.0318631	16.8094
0.683013	0.0289664	16.961
0.683013	0.0263331	17.2489
0.683013	0.0239392	17.7701
0.683013	0.0217629	18.6593
0.683013	0.0197845	19.8817
0.683013	0.0179859	21.4135
0.683013	0.0163508	23.3525
0.683013	0.0148644	25.6007
0.683013	0.0135131	28.0388
0.683013	0.0122846	30.5647
0.683013	0.0111678	33.0844
0.683013	0.0101526	35.5914
0.683013	0.0092296	37.9924
0.683013	0.00839055	40.2036
0.683013	0.00762777	42.1952
0.683013	0.00693433	43.9779
0.683013	0.00630394	45.5886
0.683013	0.00573086	47.0374
0.683013	0.00520987	48.3415
0.683013	0.00473624	49.5119
0.683013	0.00430568	50.5358
0.683013	0.00391425	51.4284
0.683013	0.00355841	52.2057
0.683013	0.00323492	52.8874
0.683013	0.00294083	53.4886
0.683013	0.00267349	54.02
0.683013	0.00243044	54.4889
0.683013	0.00220949	54.8952
0.683013	0.00200863	55.2411
0.683013	0.00182603	55.535
0.683013	0.00166002	55.7862
0.683013	0.00150911	56.003
0.683013	0.00137192	56.1902
0.683013	0.0012472	56.3492
0.683013	0.00113382	56.4827
0.683013	0.00103074	56.5946
0.683013	0.000937041	56.6887
0.683013	0.000851855	56.768
0.683013	0.000774414	56.8348
0.683013	0.000704013	56.8912
0.683013	0.000640011	56.9389
0.683013	0.000581829	56.9793
0.683013	0.000528935	57.0134
0.620921	0.1	22.21
0.620921	0.0909091	21.3825
0.620921	0.0826446	20.6087
0.620921	0.0751315	19.8817
0.620921	0.0683013	19.2067
0.620921	0.0620921	18.5928
0.620921	0.0564474	18.046
0.620921	0.0513158	17.5706
0.620921	0.0466507	17.1701
0.620921	0.0424098	16.8457
0.620921	0.0385543	16.5978
0.620921	0.0350494	16.4306
0.620921	0.0318631	16.3636
0.620921	0.0289664	16.4196
0.620921	0.0263331	16.5847
0.620921	0.0239392	16.8983
0.620921	0.0217629	17.4724
0.620921	0.0197845	18.441
0.620921	0.0179859	19.7204
0.620921	0.0163508	21.348
0.620921	0.0148644	23.4025
0.620921	0.0135131	25.7474
0.620921	0.0122846	28.2728
0.620921	0.0111678	30.8548
0.620921	0.0101526	33.4226
0.620921	0.0092296	35.9703
0.620921	0.00839055	38.3802
0.620921	0.00762777	40.5794
0.620921	0.00693433	42.5454
0.620921	0.00630394	44.3067
0.620921	0.00573086	45.8969
0.620921	0.00520987	47.3237
0.620921	0.00473624	48.6123
0.620921	0.00430568	49.762
0.620921	0.00391425	50.762
0.620921	0.00355841	51.6318
0.620921	0.00323492	52.3875
0.620921	0.00294083	53.0513
0.620921	0.00267349	53.6366
0.620921	0.00243044	54.1546
0.620921	0.00220949	54.6107
0.620921	0.00200863	55.003
0.620921	0.00182603	55.3353
0.620921	0.00166002	55.6172
0.620921	0.00150911	55.8586
0.620921	0.00137192	56.0673
0.620921	0.0012472	56.2469
0.620921	0.00113382	56.3983
0.620921	0.00103074	56.5249
0.620921	0.000937041	56.6308
0.620921	0.000851855	56.7197
0.620921	0.000774414	56.7944
0.620921	0.000704013	56.8574
0.620921	0.000640011	56.9105
0.620921	0.000581829	56.9553
0.620921	0.000528935	56.9933
0.564474	0.1	22.946
0.564474	0.0909091	22.0349
0.564474	0.0826446	21.1839
0.564474	0.0751315	20.3748
0.564474	0.0683013	19.6074
0.564474	0.0620921	18.895
0.564474	0.0564474	18.2493
0.564474	0.0513158	17.6777
0.564474	0.0466507	17.1855
0.564474	0.0424098	16.7754
0.564474	0.0385543	16.4473
0.564474	0.0350494	16.2009
0.564474	0.0318631	16.0413
0.564474	0.0289664	15.9932
0.564474	0.0263331	16.0672
0.564474	0.0239392	16.2495
0.564474	0.0217629	16.5976
0.564474	0.0197845	17.2383
0.564474	0.0179859	18.2865
0.564474	0.0163508	19.6262
0.564474	0.0148644	21.3668
0.564474	0.0135131	23.5352
0.564474	0.0122846	25.9746
0.564474	0.0111678	28.5795
0.564474	0.0101526	31.2045
0.564474	0.0092296	33.8208
0.564474	0.00839055	36.396
0.564474	0.00762777	38.8019
0.564474	0.00693433	40.977
0.564474	0.00630394	42.9121
0.564474	0.00573086	44.6494
0.564474	0.00520987	46.215
0.564474	0.00473624	47.6185
0.564474	0.00430568	48.8908
0.564474	0.00391425	50.0154
0.564474	0.00355841	50.99
0.564474	0.00323492	51.8351
0.564474	0.00294083	52.5689
0.564474	0.00267349	53.2144
0.564474	0.00243044	53.7837
0.564474	0.00220949	54.2883
0.564474	0.00200863	54.7308
0.564474	0.00182603	55.1083
0.564474	0.00166002	55.4269
0.564474	0.00150911	55.6972
0.564474	0.00137192	55.9291
0.564474	0.0012472	56.1299
0.564474	0.00113382	56.3017
0.564474	0.00103074	56.4454
0.564474	0.000937041	56.5652
0.564474	0.000851855	56.6653
0.564474	0.000774414	56.7491
0.564474	0.000704013	56.8195
0.564474	0.000640011	56.8787
0.564474	0.000581829	56.9287
0.564474	0.000528935	56.9708
0.513158	0.1	23.8214
0.513158	0.0909091	22.8191
0.513158	0.0826446	21.8921
0.513158	0.0751315	21.0087
0.513158	0.0683013	20.1544
0.513158	0.0620921	19.34
0.513158	0.0564474	18.5871
0.513158	0.0513158	17.9092
0.513158	0.0466507	17.3148
0.513158	0.0424098	16.8095
0.513158	0.0385543	16.3942
0.513158	0.0350494	16.0673
0.513158	0.0318631	15.8272
0.513158	0.0289664	15.6819
0.513158	0.0263331	15.6597
0.513158	0.0239392	15.7508
0.513158	0.0217629	15.9565
0.513158	0.0197845	16.3477
0.513158	0.0179859	17.0725
0.513158	0.0163508	18.1902
0.513158	0.0148644	19.604
0.513158	0.0135131	21.4725
0.513158	0.0122846	23.7489
0.513158	0.0111678	26.2818
0.513158	0.0101526	28.9536
0.513158	0.0092296	31.6132
0.513158	0.00839055	34.2758
0.513158	0.00762777	36.863
0.513158	0.00693433	39.2517
0.513158	0.00630394	41.3915
0.513158	0.00573086	43.2937
0.513158	0.00520987	45.0039
0.513158	0.00473624	46.541
0.513158	0.00430568	47.9222
0.513158	0.00391425	49.1751
0.513158	0.00355841	50.2711
0.513158	0.00323492	51.2188
0.513158	0.00294083	52.0374
0.513158	0.00267349	52.7495
0.513158	0.00243044	53.3764
0.513158	0.00220949	53.9298
0.513158	0.00200863	54.4209
0.513158	0.00182603	54.8487
0.513158	0.00166002	55.2108
0.513158	0.00150911	55.5157
0.513158	0.00137192	55.7747
0.513158	0.0012472	55.9977
0.513158	0.00113382	56.1907
0.513158	0.00103074	56.3544
0.513158	0.000937041	56.4905
0.513158	0.000851855	56.6036
0.513158	0.000774414	56.698
0.513158	0.000704013	56.7769
0.513158	0.000640011	56.8432
0.513158	0.000581829	56.8989
0.513158	0.000528935	56.9458
0.466507	0.1	24.844
0.466507	0.0909091	23.7359
0.466507	0.0826446	22.7282
0.466507	0.0751315	21.7776
0.466507	0.0683013	20.8499
0.466507	0.0620921	19.9389
0.466507	0.0564474	19.0718
0.466507	0.0513158	18.2766
0.466507	0.0466507	17.5674
0.466507	0.0424098	16.9545
0.466507	0.0385543	16.4412
0.466507	0.0350494	16.0265
0.466507	0.0318631	15.7066
0.466507	0.0289664	15.478
0.466507	0.0263331	15.356
0.466507	0.0239392	15.3621
0.466507	0.0217629	15.4696
0.466507	0.0197845	15.7073
0.466507	0.0179859	16.1493
0.466507	0.0163508	16.9755
0.466507	0.0148644	18.1501
0.466507	0.0135131	19.66
0.466507	0.0122846	21.6646
0.466507	0.0111678	24.0425
0.466507	0.0101526	26.6667
0.466507	0.0092296	29.3879
0.466507	0.00839055	32.0822
0.466507	0.00762777	34.781
0.466507	0.00693433	37.3656
0.466507	0.00630394	39.7231
0.466507	0.00573086	41.8201
0.466507	0.00520987	43.6886
0.466507	0.00473624	45.3681
0.466507	0.00430568	46.8734
0.466507	0.00391425	48.2348
0.466507	0.00355841	49.463
0.466507	0.00323492	50.5279
0.466507	0.00294083	51.4471
0.466507	0.00267349	52.2385
0.466507	0.00243044	52.929
0.466507	0.00220949	53.537
0.466507	0.00200863	54.0748
0.466507	0.00182603	54.5521
0.466507	0.00166002	54.9639
0.466507	0.00150911	55.3103
0.466507	0.00137192	55.6017
0.466507	0.0012472	55.85
0.466507	0.00113382	56.0644
0.466507	0.00103074	56.2495
0.466507	0.000937041	56.4049
0.466507	0.000851855	56.5335
0.466507	0.000774414	56.6402
0.466507	0.000704013	56.729
0.466507	0.000640011	56.8033
0.466507	0.000581829	56.8656
0.466507	0.000528935	56.9179
0.424098	0.1	26.0271
0.424098	0.0909091	24.7916
0.424098	0.0826446	23.6901
0.424098	0.0751315	22.6714
0.424098	0.0683013	21.6859
0.424098	0.0620921	20.6977
0.424098	0.0564474	19.7186
0.424098	0.0513158	18.7948
0.424098	0.0466507	17.9569
0.424098	0.0424098	17.2203
0.424098	0.0385543	16.5951
0.424098	0.0350494	16.0805
0.424098	0.0318631	15.6742
0.424098	0.0289664	15.3673
0.424098	0.0263331	15.1554
0.424098	0.0239392	15.0682
0.424098	0.0217629	15.0977
0.424098	0.0197845	15.2236
0.424098	0.0179859	15.5033
0.424098	0.0163508	16.0053
0.424098	0.0148644	16.9316
0.424098	0.0135131	18.1702
0.424098	0.0122846	19.8009
0.424098	0.0111678	21.9401
0.424098	0.0101526	24.4149
0.424098	0.0092296	27.1242
0.424098	0.00839055	29.8754
0.424098	0.00762777	32.6113
0.424098	0.00693433	35.3296
0.424098	0.00630394	37.8967
0.424098	0.00573086	40.2104
0.424098	0.00520987	42.2615
0.424098	0.00473624	44.0943
0.424098	0.00430568	45.7394
0.424098	0.00391425	47.2122
0.424098	0.00355841	48.555
0.424098	0.00323492	49.7528
0.424098	0.00294083	50.785
0.424098	0.00267349	51.6736
0.424098	0.00243044	52.4379
0.424098	0.00220949	53.107
0.424098	0.00200863	53.6957
0.424098	0.00182603	54.2186
0.424098	0.00166002	54.6811
0.424098	0.00150911	55.076
0.424098	0.00137192	55.4066
0.424098	0.0012472	55.6851
0.424098	0.00113382	55.9231
0.424098	0.00103074	56.1294
0.424098	0.000937041	56.3062
0.424098	0.000851855	56.4532
0.424098	0.000774414	56.5744
0.424098	0.000704013	56.6748
0.424098	0.000640011	56.7584
0.424098	0.000581829	56.8282
0.424098	0.000528935	56.8868
0.385543	0.1	27.3892
0.385543	0.0909091	25.9983
0.385543	0.0826446	24.7813
0.385543	0.0751315	23.6831
0.385543	0.0683013	22.6454
0.385543	0.0620921	21.6082
0.385543	0.0564474	20.5393
0.385543	0.0513158	19.4827
0.385543	0.0466507	18.5007
0.385543	0.0424098	17.6223
0.385543	0.0385543	16.8662
0.385543	0.0350494	16.2361
0.385543	0.0318631	15.7298
0.385543	0.0289664	15.3408
0.385543	0.0263331	15.0517
0.385543	0.0239392	14.8632
0.385543	0.0217629	14.8201
0.385543	0.0197845	14.8637
0.385543	0.0179859	15.014
0.385543	0.0163508	15.344
0.385543	0.0148644	15.9202
0.385543	0.0135131	16.8704
0.385543	0.0122846	18.2584
0.385543	0.0111678	20.0307
0.385543	0.0101526	22.2958
0.385543	0.0092296	24.867
0.385543	0.00839055	27.6473
0.385543	0.00762777	30.4157
0.385543	0.00693433	33.1947
0.385543	0.00630394	35.9163
0.385543	0.00573086	38.4485
0.385543	0.00520987	40.7089
0.385543	0.00473624	42.7144
0.385543	0.00430568	44.5086
0.385543	0.00391425	46.1154
0.385543	0.00355841	47.5585
0.385543	0.00323492	48.8803
0.385543	0.00294083	50.0427
0.385543	0.00267349	51.0414
0.385543	0.00243044	51.8974
0.385543	0.00220949	52.6356
0.385543	0.00200863	53.2829
0.385543	0.00182603	53.8528
0.385543	0.00166002	54.3611
0.385543	0.00150911	54.8074
0.385543	0.00137192	55.1845
0.385543	0.0012472	55.4997
0.385543	0.00113382	55.7658
0.385543	0.00103074	55.9941
0.385543	0.000937041	56.1924
0.385543	0.000851855	56.3606
0.385543	0.000774414	56.4992
0.385543	0.000704013	56.6132
0.385543	0.000640011	56.7076
0.385543	0.000581829	56.7861
0.385543	0.000528935	56.8518
0.350494	0.1	28.9509
0.350494	0.0909091	27.3756
0.350494	0.0826446	26.0127
0.350494	0.0751315	24.8139
0.350494	0.0683013	23.7135
0.350494	0.0620921	22.6447
0.350494	0.0564474	21.5304
0.350494	0.0513158	20.3598
0.350494	0.0466507	19.2207
0.350494	0.0424098	18.181
0.350494	0.0385543	17.2698
0.350494	0.0350494	16.5045
0.350494	0.0318631	15.8794
0.350494	0.0289664	15.395
0.350494	0.0263331	15.0305
0.350494	0.0239392	14.7621
0.350494	0.0217629	14.6094
0.350494	0.0197845	14.6052
0.350494	0.0179859	14.6588
0.350494	0.0163508	14.8441
0.350494	0.0148644	15.2252
0.350494	0.0135131	15.8942
0.350494	0.0122846	16.9161
0.350494	0.0111678	18.4231
0.350494	0.0101526	20.3474
0.350494	0.0092296	22.7283
0.350494	0.00839055	25.3987
0.350494	0.00762777	28.2255
0.350494	0.00693433	31.0145
0.350494	0.00630394	33.8226
0.350494	0.00573086	36.5329
0.350494	0.00520987	39.0142
0.350494	0.00473624	41.2171
0.350494	0.00430568	43.1772
0.350494	0.00391425	44.9289
0.350494	0.00355841	46.4944
0.350494	0.00323492	47.9136
0.350494	0.00294083	49.2078
0.350494	0.00267349	50.3317
0.350494	0.00243044	51.2954
0.350494	0.00220949	52.1184
0.350494	0.00200863	52.8309
0.350494	0.00182603	53.4561
0.350494	0.00166002	54.0081
0.350494	0.00150911	54.5017
0.350494	0.00137192	54.9303
0.350494	0.0012472	55.2894
0.350494	0.00113382	55.5896
0.350494	0.00103074	55.8439
0.350494	0.000937041	56.0633
0.350494	0.000851855	56.2533
0.350494	0.000774414	56.4125
0.350494	0.000704013	56.5428
0.350494	0.000640011	56.65
0.350494	0.000581829	56.7386
0.350494	0.000528935	56.8124
0.318631	0.1	30.7333
0.318631	0.0909091	28.9463
0.318631	0.0826446	27.4036
0.318631	0.0751315	26.073
0.318631	0.0683013	24.8889
0.318631	0.0620921	23.7793
0.318631	0.0564474	22.6591
0.318631	0.0513158	21.4327
0.318631	0.0466507	20.1435
0.318631	0.0424098	18.9219
0.318631	0.0385543	17.8292
0.318631	0.0350494	16.9003
0.318631	0.0318631	16.1359
0.318631	0.0289664	15.532
0.318631	0.0263331	15.0841
0.318631	0.0239392	14.7468
0.318631	0.0217629	14.5002
0.318631	0.0197845	14.4035
0.318631	0.0179859	14.4141
0.318631	0.0163508	14.4827
0.318631	0.0148644	14.7181
0.318631	0.0135131	15.1466
0.318631	0.0122846	15.9177
0.318631	0.0111678	17.0242
0.318631	0.0101526	18.5551
0.318631	0.0092296	20.7431
0.318631	0.00839055	23.2336
0.318631	0.00762777	26.0033
0.318631	0.00693433	28.8477
0.318631	0.00630394	31.6731
0.318631	0.00573086	34.4878
0.318631	0.00520987	37.1694
0.318631	0.00473624	39.5884
0.318631	0.00430568	41.7342
0.318631	0.00391425	43.6468
0.318631	0.00355841	45.3524
0.318631	0.00323492	46.8773
0.318631	0.00294083	48.276
0.318631	0.00267349	49.5351
0.318631	0.00243044	50.6189
0.318631	0.00220949	51.5455
0.318631	0.00200863	52.3363
0.318631	0.00182603	53.0236
0.318631	0.00166002	53.6263
0.318631	0.00150911	54.1619
0.318631	0.00137192	54.6399
0.318631	0.0012472	55.0493
0.318631	0.00113382	55.3906
0.318631	0.00103074	55.6765
0.318631	0.000937041	55.9197
0.318631	0.000851855	56.1306
0.318631	0.000774414	56.3118
0.318631	0.000704013	56.4618
0.318631	0.000640011	56.5842
0.318631	0.000581829	56.6847
0.318631	0.000528935	56.7679
0.289664	0.1	32.7638
0.289664	0.0909091	30.7304
0.289664	0.0826446	28.9807
0.289664	0.0751315	27.4778
0.289664	0.0683013	26.1808
0.289664	0.0620921	25.0046
0.289664	0.0564474	23.8767
0.289664	0.0513158	22.6692
0.289664	0.0466507	21.2905
0.289664	0.0424098	19.8762
0.289664	0.0385543	18.5754
0.289664	0.0350494	17.4453
0.289664	0.0318631	16.5149
0.289664	0.0289664	15.7658
0.289664	0.0263331	15.2063
0.289664	0.0239392	14.8039
0.289664	0.0217629	14.4906
0.289664	0.0197845	14.2714
0.289664	0.0179859	14.2388
0.289664	0.0163508	14.2409
0.289664	0.0148644	14.3344
0.289664	0.0135131	14.6306
0.289664	0.0122846	15.1152
0.289664	0.0111678	15.9805
0.289664	0.0101526	17.2062
0.289664	0.0092296	18.886
0.289664	0.00839055	21.213
0.289664	0.00762777	23.8153
0.289664	0.00693433	26.6686
0.289664	0.00630394	29.5134
0.289664	0.00573086	32.3797
0.289664	0.00520987	35.1874
0.289664	0.00473624	37.818
0.289664	0.00430568	40.1682
0.289664	0.00391425	42.2584
0.289664	0.00355841	44.12
0.289664	0.00323492	45.7765
0.289664	0.00294083	47.2666
0.289664	0.00267349	48.6423
0.289664	0.00243044	49.8603
0.289664	0.00220949	50.9033
0.289664	0.00200863	51.7909
0.289664	0.00182603	52.5508
0.289664	0.00166002	53.213
0.289664	0.00150911	53.7937
0.289664	0.00137192	54.3139
0.289664	0.0012472	54.7746
0.289664	0.00113382	55.164
0.289664	0.00103074	55.4881
0.289664	0.000937041	55.7604
0.289664	0.000851855	55.9932
0.289664	0.000774414	56.1958
0.289664	0.000704013	56.3678
0.289664	0.000640011	56.5085
0.289664	0.000581829	56.6232
0.289664	0.000528935	56.7175
0.263331	0.1	35.0892
0.263331	0.0909091	32.7466
0.263331	0.0826446	30.7684
0.263331	0.0751315	29.057
0.263331	0.0683013	27.6039
0.263331	0.0620921	26.3344
0.263331	0.0564474	25.1608
0.263331	0.0513158	23.9962
0.263331	0.0466507	22.6437
0.263331	0.0424098	21.0797
0.263331	0.0385543	19.5445
0.263331	0.0350494	18.1745
0.263331	0.0318631	17.0352
0.263331	0.0289664	16.115
0.263331	0.0263331	15.4109
0.263331	0.0239392	14.9145
0.263331	0.0217629	14.5576
0.263331	0.0197845	14.2604
0.263331	0.0179859	14.0936
0.263331	0.0163508	14.0965
0.263331	0.0148644	14.0869
0.263331	0.0135131	14.2192
0.263331	0.0122846	14.5673
0.263331	0.0111678	15.1405
0.263331	0.0101526	16.0905
0.263331	0.0092296	17.4637
0.263331	0.00839055	19.3058
0.263331	0.00762777	21.7558
0.263331	0.00693433	24.4802
0.263331	0.00630394	27.381
0.263331	0.00573086	30.2353
0.263331	0.00520987	33.1202
0.263331	0.00473624	35.9084
0.263331	0.00430568	38.4718
0.263331	0.00391425	40.7542
0.263331	0.00355841	42.7881
0.263331	0.00323492	44.5939
0.263331	0.00294083	46.2002
0.263331	0.00267349	47.6642
0.263331	0.00243044	49.0087
0.263331	0.00220949	50.1816
0.263331	0.00200863	51.1824
0.263331	0.00182603	52.0315
0.263331	0.00166002	52.7616
0.263331	0.00150911	53.3982
0.263331	0.00137192	53.9588
0.263331	0.0012472	54.4639
0.263331	0.00113382	54.905
0.263331	0.00103074	55.2744
0.263331	0.000937041	55.5821
0.263331	0.000851855	55.8415
0.263331	0.000774414	56.0647
0.263331	0.000704013	56.2587
0.263331	0.000640011	56.4209
0.263331	0.000581829	56.5527
0.263331	0.000528935	56.6601
0.239392	0.1	37.7902
0.239392	0.0909091	35.0252
0.239392	0.0826446	32.7822
0.239392	0.0751315	30.8432
0.239392	0.0683013	29.1839
0.239392	0.0620921	27.784
0.239392	0.0564474	26.5308
0.239392	0.0513158	25.3579
0.239392	0.0466507	24.1136
0.239392	0.0424098	22.5414
0.239392	0.0385543	20.7803
0.239392	0.0350494	19.1344
0.239392	0.0318631	17.7266
0.239392	0.0289664	16.6013
0.239392	0.0263331	15.7155
0.239392	0.0239392	15.0929
0.239392	0.0217629	14.662
0.239392	0.0197845	14.3446
0.239392	0.0179859	14.0551
0.239392	0.0163508	13.9707
0.239392	0.0148644	13.9689
0.239392	0.0135131	13.9499
0.239392	0.0122846	14.1366
0.239392	0.0111678	14.5333
0.239392	0.0101526	15.2198
0.239392	0.0092296	16.2644
0.239392	0.00839055	17.7891
0.239392	0.00762777	19.8004
0.239392	0.00693433	22.2381
0.239392	0.00630394	25.1487
0.239392	0.00573086	28.1242
0.239392	0.00520987	31.0154
0.239392	0.00473624	33.8887
0.239392	0.00430568	36.6393
0.239392	0.00391425	39.1257
0.239392	0.00355841	41.3446
0.239392	0.00323492	43.3192
0.239392	0.00294083	45.0654
0.239392	0.00267349	46.6261
0.239392	0.00243044	48.0678
0.239392	0.00220949	49.3729
0.239392	0.00200863	50.4986
0.239392	0.00182603	51.455
0.239392	0.00166002	52.2674
0.239392	0.00150911	52.9682
0.239392	0.00137192	53.5789
0.239392	0.0012472	54.1218
0.239392	0.00113382	54.6108
0.239392	0.00103074	55.0307
0.239392	0.000937041	55.3805
0.239392	0.000851855	55.6725
0.239392	0.000774414	55.9198
0.239392	0.000704013	56.1342
0.239392	0.000640011	56.3189
0.239392	0.000581829	56.4712
0.239392	0.000528935	56.5943
0.217629	0.1	41.0078
0.217629	0.0909091	37.6233
0.217629	0.0826446	35.0391
0.217629	0.0751315	32.8569
0.217629	0.0683013	30.9604
0.217629	0.0620921	29.3715
0.217629	0.0564474	28.0137
0.217629	0.0513158	26.7709
0.217629	0.0466507	25.591
0.217629	0.0424098	24.1816
0.217629	0.0385543	22.3224
0.217629	0.0350494	20.3759
0.217629	0.0318631	18.6418
0.217629	0.0289664	17.2469
0.217629	0.0263331	16.1467
0.217629	0.0239392	15.3515
0.217629	0.0217629	14.8227
0.217629	0.0197845	14.4482
0.217629	0.0179859	14.1623
0.217629	0.0163508	13.8928
0.217629	0.0148644	13.8694
0.217629	0.0135131	13.8538
0.217629	0.0122846	13.8245
0.217629	0.0111678	13.9859
0.217629	0.0101526	14.4135
0.217629	0.0092296	15.2444
0.217629	0.00839055	16.4779
0.217629	0.00762777	18.1872
0.217629	0.00693433	20.337
0.217629	0.00630394	22.9222
0.217629	0.00573086	25.9267
0.217629	0.00520987	28.8999
0.217629	0.00473624	31.8325
0.217629	0.00430568	34.6774
0.217629	0.00391425	37.3737
0.217629	0.00355841	39.7818
0.217629	0.00323492	41.9362
0.217629	0.00294083	43.8468
0.217629	0.00267349	45.5333
0.217629	0.00243044	47.0579
0.217629	0.00220949	48.4727
0.217629	0.00200863	49.7324
0.217629	0.00182603	50.8094
0.217629	0.00166002	51.7208
0.217629	0.00150911	52.4981
0.217629	0.00137192	53.1701
0.217629	0.0012472	53.7556
0.217629	0.00113382	54.2831
0.217629	0.00103074	54.7533
0.217629	0.000937041	55.1514
0.217629	0.000851855	55.4824
0.217629	0.000774414	55.7595
0.217629	0.000704013	55.9957
0.217629	0.000640011	56.2015
0.217629	0.000581829	56.3762
0.217629	0.000528935	56.5186
0.197845	0.1	44.9855
0.197845	0.0909091	40.6414
0.197845	0.0826446	37.5744
0.197845	0.0751315	35.1096
0.197845	0.0683013	32.9665
0.197845	0.0620921	31.1343
0.197845	0.0564474	29.6227
0.197845	0.0513158	28.2862
0.197845	0.0466507	27.0608
0.197845	0.0424098	25.8354
0.197845	0.0385543	24.1307
0.197845	0.0350494	21.9579
0.197845	0.0318631	19.8503
0.197845	0.0289664	18.0906
0.197845	0.0263331	16.7347
0.197845	0.0239392	15.7116
0.197845	0.0217629	15.0476
0.197845	0.0197845	14.5996
0.197845	0.0179859	14.2693
0.197845	0.0163508	14.0067
0.197845	0.0148644	13.7982
0.197845	0.0135131	13.7784
0.197845	0.0122846	13.7492
0.197845	0.0111678	13.722
0.197845	0.0101526	13.9425
0.197845	0.0092296	14.4171
0.197845	0.00839055	15.3649
0.197845	0.00762777	16.7778
0.197845	0.00693433	18.6742
0.197845	0.00630394	20.9561
0.197845	0.00573086	23.6964
0.197845	0.00520987	26.5869
0.197845	0.00473624	29.7086
0.197845	0.00430568	32.6739
0.197845	0.00391425	35.4756
0.197845	0.00355841	38.0632
0.197845	0.00323492	40.4413
0.197845	0.00294083	42.5285
0.197845	0.00267349	44.3683
0.197845	0.00243044	45.9983
0.197845	0.00220949	47.4964
0.197845	0.00200863	48.8756
0.197845	0.00182603	50.0845
0.197845	0.00166002	51.1116
0.197845	0.00150911	51.9798
0.197845	0.00137192	52.7233
0.197845	0.0012472	53.3659
0.197845	0.00113382	53.9293
0.197845	0.00103074	54.442
0.197845	0.000937041	54.8908
0.197845	0.000851855	55.2671
0.197845	0.000774414	55.5802
0.197845	0.000704013	55.8433
0.197845	0.000640011	56.0694
0.197845	0.000581829	56.2661
0.197845	0.000528935	56.4305
0.179859	0.1	50.1
0.179859	0.0909091	44.2608
0.179859	0.0826446	40.457
0.179859	0.0751315	37.6184
0.179859	0.0683013	35.2165
0.179859	0.0620921	33.1212
0.179859	0.0564474	31.3806
0.179859	0.0513158	29.9283
0.179859	0.0466507	28.6024
0.179859	0.0424098	27.4049
0.179859	0.0385543	26.0261
0.179859	0.0350494	23.8952
0.179859	0.0318631	21.4264
0.179859	0.0289664	19.2097
0.179859	0.0263331	17.5069
0.179859	0.0239392	16.2072
0.179859	0.0217629	15.3498
0.179859	0.0197845	14.8041
0.179859	0.0179859	14.4173
0.179859	0.0163508	14.1206
0.179859	0.0148644	13.8726
0.179859	0.0135131	13.7221
0.179859	0.0122846	13.6968
0.179859	0.0111678	13.6563
0.179859	0.0101526	13.6455
0.179859	0.0092296	13.9163
0.179859	0.00839055	14.4463
0.179859	0.00762777	15.5369
0.179859	0.00693433	17.033
0.179859	0.00630394	19.2314
0.179859	0.00573086	21.6435
0.179859	0.00520987	24.5369
0.179859	0.00473624	27.4105
0.179859	0.00430568	30.5515
0.179859	0.00391425	33.5297
0.179859	0.00355841	36.2786
0.179859	0.00323492	38.7842
0.179859	0.00294083	41.097
0.179859	0.00267349	43.1139
0.179859	0.00243044	44.8817
0.179859	0.00220949	46.4652
0.179859	0.00200863	47.9375
0.179859	0.00182603	49.2745
0.179859	0.00166002	50.4292
0.179859	0.00150911	51.4049
0.179859	0.00137192	52.2324
0.179859	0.0012472	52.9426
0.179859	0.00113382	53.5554
0.179859	0.00103074	54.1011
0.179859	0.000937041	54.5967
0.179859	0.000851855	55.0226
0.179859	0.000774414	55.378
0.179859	0.000704013	55.674
0.179859	0.000640011	55.9241
0.179859	0.000581829	56.141
0.179859	0.000528935	56.3278
0.163508	0.1	56.7344
0.163508	0.0909091	48.8123
0.163508	0.0826446	43.8081
0.163508	0.0751315	40.4255
0.163508	0.0683013	37.722
0.163508	0.0620921	35.3588
0.163508	0.0564474	33.3396
0.163508	0.0513158	31.7033
0.163508	0.0466507	30.2752
0.163508	0.0424098	28.9742
0.163508	0.0385543	27.7887
0.163508	0.0350494	26.0488
0.163508	0.0318631	23.4343
0.163508	0.0289664	20.7106
0.163508	0.0263331	18.5101
0.163508	0.0239392	16.8834
0.163508	0.0217629	15.7514
0.163508	0.0197845	15.0704
0.163508	0.0179859	14.6109
0.163508	0.0163508	14.2696
0.163508	0.0148644	13.9973
0.163508	0.0135131	13.7528
0.163508	0.0122846	13.6499
0.163508	0.0111678	13.6238
0.163508	0.0101526	13.58
0.163508	0.0092296	13.6007
0.163508	0.00839055	13.9117
0.163508	0.00762777	14.3725
0.163508	0.00693433	15.6465
0.163508	0.00630394	17.2597
0.163508	0.00573086	19.8429
0.163508	0.00520987	22.3742
0.163508	0.00473624	25.2677
0.163508	0.00430568	28.2725
0.163508	0.00391425	31.3246
0.163508	0.00355841	34.3017
0.163508	0.00323492	37.0782
0.163508	0.00294083	39.5088
0.163508	0.00267349	41.7499
0.163508	0.00243044	43.6873
0.163508	0.00220949	45.3876
0.163508	0.00200863	46.937
0.163508	0.00182603	48.377
0.163508	0.00166002	49.6649
0.163508	0.00150911	50.763
0.163508	0.00137192	51.689
0.163508	0.0012472	52.4781
0.163508	0.00113382	53.1553
0.163508	0.00103074	53.7399
0.163508	0.000937041	54.2713
0.163508	0.000851855	54.7461
0.163508	0.000774414	55.1488
0.163508	0.000704013	55.4841
0.163508	0.000640011	55.7638
0.163508	0.000581829	56.0021
0.163508	0.000528935	56.2101
0.148644	0.1	64.8579
0.148644	0.0909091	54.8404
0.148644	0.0826446	47.8546
0.148644	0.0751315	43.6115
0.148644	0.0683013	40.5012
0.148644	0.0620921	37.8607
0.148644	0.0564474	35.5525
0.148644	0.0513158	33.6436
0.148644	0.0466507	32.0871
0.148644	0.0424098	30.6632
0.148644	0.0385543	29.4145
0.148644	0.0350494	28.1409
0.148644	0.0318631	25.7956
0.148644	0.0289664	22.7086
0.148644	0.0263331	19.8517
0.148644	0.0239392	17.7821
0.148644	0.0217629	16.2891
0.148644	0.0197845	15.4115
0.148644	0.0179859	14.8566
0.148644	0.0163508	14.4584
0.148644	0.0148644	14.1509
0.148644	0.0135131	13.8933
0.148644	0.0122846	13.6385
0.148644	0.0111678	13.5914
0.148644	0.0101526	13.563
0.148644	0.0092296	13.5251
0.148644	0.00839055	13.5915
0.148644	0.00762777	13.7864
0.148644	0.00693433	14.4534
0.148644	0.00630394	15.6253
0.148644	0.00573086	17.3723
0.148644	0.00520987	20.3449
0.148644	0.00473624	23.1807
0.148644	0.00430568	26.0236
0.148644	0.00391425	29.1708
0.148644	0.00355841	31.965
0.148644	0.00323492	35.0733
0.148644	0.00294083	37.8642
0.148644	0.00267349	40.2283
0.148644	0.00243044	42.3442
0.148644	0.00220949	44.2482
0.148644	0.00200863	45.8903
0.148644	0.00182603	47.4115
0.148644	0.00166002	48.8135
0.148644	0.00150911	50.0449
0.148644	0.00137192	51.0854
0.148644	0.0012472	51.9643
0.148644	0.00113382	52.7161
0.148644	0.00103074	53.3597
0.148644	0.000937041	53.9215
0.148644	0.000851855	54.4377
0.148644	0.000774414	54.8898
0.148644	0.000704013	55.2695
0.148644	0.000640011	55.5855
0.148644	0.000581829	55.8499
0.148644	0.000528935	56.0778
0.135131	0.1	73.8905
0.135131	0.0909091	62.9371
0.135131	0.0826446	53.0378
0.135131	0.0751315	47.3182
0.135131	0.0683013	43.6034
0.135131	0.0620921	40.6392
0.135131	0.0564474	38.0395
0.135131	0.0513158	35.8174
0.135131	0.0466507	34.0393
0.135131	0.0424098	32.5099
0.135131	0.0385543	31.1095
0.135131	0.0350494	29.9258
0.135131	0.0318631	28.2771
0.135131	0.0289664	25.2272
0.135131	0.0263331	21.6953
0.135131	0.0239392	18.9605
0.135131	0.0217629	17.0239
0.135131	0.0197845	15.8469
0.135131	0.0179859	15.1634
0.135131	0.0163508	14.6926
0.135131	0.0148644	14.3391
0.135131	0.0135131	14.0564
0.135131	0.0122846	13.7988
0.135131	0.0111678	13.5291
0.135131	0.0101526	13.5511
0.135131	0.0092296	13.5182
0.135131	0.00839055	13.4974
0.135131	0.00762777	13.618
0.135131	0.00693433	13.8075
0.135131	0.00630394	14.4268
0.135131	0.00573086	15.5901
0.135131	0.00520987	17.7376
0.135131	0.00473624	20.8001
0.135131	0.00430568	24.0231
0.135131	0.00391425	26.911
0.135131	0.00355841	30.0822
0.135131	0.00323492	32.8154
0.135131	0.00294083	35.8354
0.135131	0.00267349	38.6502
0.135131	0.00243044	40.9396
0.135131	0.00220949	42.9709
0.135131	0.00200863	44.7966
0.135131	0.00182603	46.3951
0.135131	0.00166002	47.8849
0.135131	0.00150911	49.2428
0.135131	0.00137192	50.4124
0.135131	0.0012472	51.3966
0.135131	0.00113382	52.2317
0.135131	0.00103074	52.9464
0.135131	0.000937041	53.5564
0.135131	0.000851855	54.1021
0.135131	0.000774414	54.5987
0.135131	0.000704013	55.0271
0.135131	0.000640011	55.3848
0.135131	0.000581829	55.6821
0.135131	0.000528935	55.9329
0.122846	0.1	83.0555
0.122846	0.0909091	72.9882
0.122846	0.0826446	60.1617
0.122846	0.0751315	51.8249
0.122846	0.0683013	47.1198
0.122846	0.0620921	43.7156
0.122846	0.0564474	40.8155
0.122846	0.0513158	38.2771
0.122846	0.0466507	36.1797
0.122846	0.0424098	34.5054
0.122846	0.0385543	32.9687
0.122846	0.0350494	31.6334
0.122846	0.0318631	30.4794
0.122846	0.0289664	28.0022
0.122846	0.0263331	24.2523
0.122846	0.0239392	20.5455
0.122846	0.0217629	18.0386
0.122846	0.0197845	16.4102
0.122846	0.0179859	15.5437
0.122846	0.0163508	14.9795
0.122846	0.0148644	14.5677
0.122846	0.0135131	14.2475
0.122846	0.0122846	13.9806
0.122846	0.0111678	13.7004
0.122846	0.0101526	13.446
0.122846	0.0092296	13.5285
0.122846	0.00839055	13.4903
0.122846	0.00762777	13.5058
0.122846	0.00693433	13.6624
0.122846	0.00630394	13.8496
0.122846	0.00573086	14.4064
0.122846	0.00520987	15.5637
0.122846	0.00473624	18.1059
0.122846	0.00430568	21.2463
0.122846	0.00391425	24.8258
0.122846	0.00355841	27.8465
0.122846	0.00323492	30.9932
0.122846	0.00294083	33.6156
0.122846	0.00267349	36.4295
0.122846	0.00243044	39.3647
0.122846	0.00220949	41.6438
0.122846	0.00200863	43.5785
0.122846	0.00182603	45.3351
0.122846	0.00166002	46.8997
0.122846	0.00150911	48.3562
0.122846	0.00137192	49.6594
0.122846	0.0012472	50.7649
0.122846	0.00113382	51.6961
0.122846	0.00103074	52.4905
0.122846	0.000937041	53.1677
0.122846	0.000851855	53.7478
0.122846	0.000774414	54.2793
0.122846	0.000704013	54.7544
0.122846	0.000640011	55.1582
0.122846	0.000581829	55.4946
0.122846	0.000528935	55.774
0.111678	0.1	91.2391
0.111678	0.0909091	83.9273
0.111678	0.0826446	70.2598
0.111678	0.0751315	57.7213
0.111678	0.0683013	51.2156
0.111678	0.0620921	47.1439
0.111678	0.0564474	43.8916
0.111678	0.0513158	41.0445
0.111678	0.0466507	38.5919
0.111678	0.0424098	36.6499
0.111678	0.0385543	35.0081
0.111678	0.0350494	33.4866
0.111678	0.0318631	32.2416
0.111678	0.0289664	30.8736
0.111678	0.0263331	27.346
0.111678	0.0239392	22.7893
0.111678	0.0217629	19.44
0.111678	0.0197845	17.165
0.111678	0.0179859	16.0143
0.111678	0.0163508	15.3287
0.111678	0.0148644	14.8429
0.111678	0.0135131	14.4745
0.111678	0.0122846	14.1788
0.111678	0.0111678	13.9125
0.111678	0.0101526	13.5962
0.111678	0.0092296	13.4096
0.111678	0.00839055	13.5204
0.111678	0.00762777	13.4794
0.111678	0.00693433	13.5537
0.111678	0.00630394	13.7147
0.111678	0.00573086	13.9099
0.111678	0.00520987	14.3852
0.111678	0.00473624	15.6504
0.111678	0.00430568	18.3152
0.111678	0.00391425	21.8489
0.111678	0.00355841	25.5551
0.111678	0.00323492	28.6303
0.111678	0.00294083	31.8052
0.111678	0.00267349	34.4221
0.111678	0.00243044	37.0717
0.111678	0.00220949	39.9874
0.111678	0.00200863	42.3278
0.111678	0.00182603	44.1708
0.111678	0.00166002	45.8055
0.111678	0.00150911	47.3996
0.111678	0.00137192	48.8219
0.111678	0.0012472	50.062
0.111678	0.00113382	51.1043
0.111678	0.00103074	51.9854
0.111678	0.000937041	52.7394
0.111678	0.000851855	53.3789
0.111678	0.000774414	53.9377
0.111678	0.000704013	54.4511
0.111678	0.000640011	54.9037
0.111678	0.000581829	55.2833
0.111678	0.000528935	55.5989
0.101526	0.1	98.2
0.101526	0.0909091	94.1024
0.101526	0.0826446	82.6283
0.101526	0.0751315	66.3655
0.101526	0.0683013	56.2361
0.101526	0.0620921	51.0265
0.101526	0.0564474	47.2998
0.101526	0.0513158	44.112
0.101526	0.0466507	41.3342
0.101526	0.0424098	39.0134
0.101526	0.0385543	37.2032
0.101526	0.0350494	35.5386
0.101526	0.0318631	34.0893
0.101526	0.0289664	32.9283
0.101526	0.0263331	30.5754
0.101526	0.0239392	26.175
0.101526	0.0217629	21.3095
0.101526	0.0197845	18.2492
0.101526	0.0179859	16.6018
0.101526	0.0163508	15.7524
0.101526	0.0148644	15.173
0.101526	0.0135131	14.7435
0.101526	0.0122846	14.4077
0.101526	0.0111678	14.1285
0.101526	0.0101526	13.8329
0.101526	0.0092296	13.5089
0.101526	0.00839055	13.542
0.101526	0.00762777	13.5252
0.101526	0.00693433	13.4897
0.101526	0.00630394	13.6266
0.101526	0.00573086	13.7821
0.101526	0.00520987	13.9933
0.101526	0.00473624	14.5119
0.101526	0.00430568	16.0366
0.101526	0.00391425	18.5695
0.101526	0.00355841	21.9394
0.101526	0.00323492	26.2973
0.101526	0.00294083	29.4398
0.101526	0.00267349	32.6606
0.101526	0.00243044	35.2239
0.101526	0.00220949	37.7537
0.101526	0.00200863	40.6317
0.101526	0.00182603	42.9823
0.101526	0.00166002	44.7431
0.101526	0.00150911	46.3399
0.101526	0.00137192	47.8879
0.101526	0.0012472	49.2752
0.101526	0.00113382	50.4461
0.101526	0.00103074	51.4298
0.101526	0.000937041	52.2658
0.101526	0.000851855	52.9785
0.101526	0.000774414	53.5819
0.101526	0.000704013	54.1248
0.101526	0.000640011	54.6181
0.101526	0.000581829	55.0456
0.101526	0.000528935	55.4022
0.092296	0.1	105.143
0.092296	0.0909091	101.178
0.092296	0.0826446	95.1293
0.092296	0.0751315	79.4544
0.092296	0.0683013	63.0063
0.092296	0.0620921	55.5629
0.092296	0.0564474	51.0907
0.092296	0.0513158	47.5209
0.092296	0.0466507	44.4085
0.092296	0.0424098	41.6967
0.092296	0.0385543	39.5572
0.092296	0.0350494	37.7931
0.092296	0.0318631	36.1261
0.092296	0.0289664	34.7857
0.092296	0.0263331	33.6759
0.092296	0.0239392	29.7752
0.092296	0.0217629	24.1044
0.092296	0.0197845	19.9823
0.092296	0.0179859	17.3589
0.092296	0.0163508	16.2655
0.092296	0.0148644	15.5687
0.092296	0.0135131	15.0619
0.092296	0.0122846	14.6747
0.092296	0.0111678	14.363
0.092296	0.0101526	14.0885
0.092296	0.0092296	13.7391
0.092296	0.00839055	13.4726
0.092296	0.00762777	13.5746
0.092296	0.00693433	13.5424
0.092296	0.00630394	13.527
0.092296	0.00573086	13.7001
0.092296	0.00520987	13.8648
0.092296	0.00473624	14.1061
0.092296	0.00430568	14.6352
0.092296	0.00391425	16.2937
0.092296	0.00355841	18.9019
0.092296	0.00323492	21.9232
0.092296	0.00294083	27.1405
0.092296	0.00267349	30.3532
0.092296	0.00243044	33.4382
0.092296	0.00220949	36.0188
0.092296	0.00200863	38.3823
0.092296	0.00182603	41.0397
0.092296	0.00166002	43.6164
0.092296	0.00150911	45.306
0.092296	0.00137192	46.8682
0.092296	0.0012472	48.3797
0.092296	0.00113382	49.713
0.092296	0.00103074	50.8138
0.092296	0.000937041	51.7415
0.092296	0.000851855	52.5351
0.092296	0.000774414	53.2061
0.092296	0.000704013	53.7812
0.092296	0.000640011	54.3062
0.092296	0.000581829	54.7794
0.092296	0.000528935	55.1807
0.0839055	0.1	112.591
0.0839055	0.0909091	108.091
0.0839055	0.0826446	104.389
0.0839055	0.0751315	94.9486
0.0839055	0.0683013	75.0043
0.0839055	0.0620921	61.21
0.0839055	0.0564474	55.3879
0.0839055	0.0513158	51.2983
0.0839055	0.0466507	47.787
0.0839055	0.0424098	44.7793
0.0839055	0.0385543	42.1737
0.0839055	0.0350494	40.1997
0.0839055	0.0318631	38.3971
0.0839055	0.0289664	36.8042
0.0839055	0.0263331	35.5688
0.0839055	0.0239392	34.255
0.0839055	0.0217629	28.6024
0.0839055	0.0197845	22.2306
0.0839055	0.0179859	18.4392
0.0839055	0.0163508	16.8892
0.0839055	0.0148644	16.0427
0.0839055	0.0135131	15.4393
0.0839055	0.0122846	14.9867
0.0839055	0.0111678	14.6316
0.0839055	0.0101526	14.3362
0.0839055	0.0092296	14.0401
0.0839055	0.00839055	13.6573
0.0839055	0.00762777	13.4972
0.0839055	0.00693433	13.614
0.0839055	0.00630394	13.5727
0.0839055	0.00573086	13.5852
0.0839055	0.00520987	13.78
0.0839055	0.00473624	13.9547
0.0839055	0.00430568	14.2328
0.0839055	0.00391425	14.7953
0.0839055	0.00355841	16.3714
0.0839055	0.00323492	18.8823
0.0839055	0.00294083	21.9467
0.0839055	0.00267349	27.0281
0.0839055	0.00243044	31.2684
0.0839055	0.00220949	34.2699
0.0839055	0.00200863	36.8206
0.0839055	0.00182603	39.1314
0.0839055	0.00166002	41.709
0.0839055	0.00150911	44.1556
0.0839055	0.00137192	45.8691
0.0839055	0.0012472	47.3948
0.0839055	0.00113382	48.8621
0.0839055	0.00103074	50.1305
0.0839055	0.000937041	51.1665
0.0839055	0.000851855	52.043
0.0839055	0.000774414	52.7928
0.0839055	0.000704013	53.4234
0.0839055	0.000640011	53.9766
0.0839055	0.000581829	54.4834
0.0839055	0.000528935	54.933
0.0762777	0.1	120.719
0.0762777	0.0909091	115.48
0.0762777	0.0826446	111.332
0.0762777	0.0751315	107.785
0.0762777	0.0683013	93.3765
0.0762777	0.0620921	69.3802
0.0762777	0.0564474	60.4481
0.0762777	0.0513158	55.4939
0.0762777	0.0466507	51.5767
0.0762777	0.0424098	48.1507
0.0762777	0.0385543	45.1864
0.0762777	0.0350494	42.7863
0.0762777	0.0318631	40.8877
0.0762777	0.0289664	39.0501
0.0762777	0.0263331	37.5848
0.0762777	0.0239392	36.4232
0.0762777	0.0217629	32.8809
0.0762777	0.0197845	26.6435
0.0762777	0.0179859	20.6618
0.0762777	0.0163508	17.6647
0.0762777	0.0148644	16.6088
0.0762777	0.0135131	15.8879
0.0762777	0.0122846	15.3523
0.0762777	0.0111678	14.9414
0.0762777	0.0101526	14.6102
0.0762777	0.0092296	14.3209
0.0762777	0.00839055	13.9608
0.0762777	0.00762777	13.6146
0.0762777	0.00693433	13.5476
0.0762777	0.00630394	13.6616
0.0762777	0.00573086	13.6229
0.0762777	0.00520987	13.6557
0.0762777	0.00473624	13.8807
0.0762777	0.00430568	14.0475
0.0762777	0.00391425	14.3366
0.0762777	0.00355841	14.9616
0.0762777	0.00323492	16.6467
0.0762777	0.00294083	19.1561
0.0762777	0.00267349	22.5319
0.0762777	0.00243044	27.5954
0.0762777	0.00220949	31.9495
0.0762777	0.00200863	34.9837
0.0762777	0.00182603	37.5466
0.0762777	0.00166002	39.8578
0.0762777	0.00150911	42.3749
0.0762777	0.00137192	44.7405
0.0762777	0.0012472	46.4265
0.0762777	0.00113382	47.9164
0.0762777	0.00103074	49.2663
0.0762777	0.000937041	50.4984
0.0762777	0.000851855	51.5018
0.0762777	0.000774414	52.334
0.0762777	0.000704013	53.0376
0.0762777	0.000640011	53.6344
0.0762777	0.000581829	54.1669
0.0762777	0.000528935	54.6562
0.0693433	0.1	129.719
0.0693433	0.0909091	123.466
0.0693433	0.0826446	118.693
0.0693433	0.0751315	114.854
0.0693433	0.0683013	109.82
0.0693433	0.0620921	87.2686
0.0693433	0.0564474	66.983
0.0693433	0.0513158	60.2768
0.0693433	0.0466507	55.7566
0.0693433	0.0424098	51.8908
0.0693433	0.0385543	48.6307
0.0693433	0.0350494	45.7
0.0693433	0.0318631	43.5135
0.0693433	0.0289664	41.5737
0.0693433	0.0263331	39.7979
0.0693433	0.0239392	38.4601
0.0693433	0.0217629	37.3291
0.0693433	0.0197845	31.3971
0.0693433	0.0179859	23.5666
0.0693433	0.0163508	18.7246
0.0693433	0.0148644	17.2859
0.0693433	0.0135131	16.4212
0.0693433	0.0122846	15.7831
0.0693433	0.0111678	15.3005
0.0693433	0.0101526	14.9215
0.0693433	0.0092296	14.6065
0.0693433	0.00839055	14.3053
0.0693433	0.00762777	13.8826
0.0693433	0.00693433	13.6424
0.0693433	0.00630394	13.602
0.0693433	0.00573086	13.7192
0.0693433	0.00520987	13.7014
0.0693433	0.00473624	13.7397
0.0693433	0.00430568	13.9996
0.0693433	0.00391425	14.1817
0.0693433	0.00355841	14.5495
0.0693433	0.00323492	15.1491
0.0693433	0.00294083	16.9514
0.0693433	0.00267349	19.4773
0.0693433	0.00243044	23.2759
0.0693433	0.00220949	28.2367
0.0693433	0.00200863	32.6894
0.0693433	0.00182603	35.7376
0.0693433	0.00166002	38.3135
0.0693433	0.00150911	40.5317
0.0693433	0.00137192	42.7691
0.0693433	0.0012472	44.8352
0.0693433	0.00113382	46.9485
0.0693433	0.00103074	48.4273
0.0693433	0.000937041	49.719
0.0693433	0.000851855	50.878
0.0693433	0.000774414	51.8235
0.0693433	0.000704013	52.6112
0.0693433	0.000640011	53.2707
0.0693433	0.000581829	53.8376
0.0693433	0.000528935	54.3533
0.0630394	0.1	139.89
0.0630394	0.0909091	132.199
0.0630394	0.0826446	126.584
0.0630394	0.0751315	122.216
0.0630394	0.0683013	118.645
0.0630394	0.0620921	109.435
0.0630394	0.0564474	82.9395
0.0630394	0.0513158	66.0728
0.0630394	0.0466507	60.4161
0.0630394	0.0424098	56.107
0.0630394	0.0385543	52.3067
0.0630394	0.0350494	49.1363
0.0630394	0.0318631	46.3677
0.0630394	0.0289664	44.3035
0.0630394	0.0263331	42.285
0.0630394	0.0239392	40.6567
0.0630394	0.0217629	39.4125
0.0630394	0.0197845	38.2682
0.0630394	0.0179859	29.8276
0.0630394	0.0163508	21.6295
0.0630394	0.0148644	18.1127
0.0630394	0.0135131	17.053
0.0630394	0.0122846	16.2931
0.0630394	0.0111678	15.7194
0.0630394	0.0101526	15.2785
0.0630394	0.0092296	14.9237
0.0630394	0.00839055	14.615
0.0630394	0.00762777	14.267
0.0630394	0.00693433	13.8421
0.0630394	0.00630394	13.7258
0.0630394	0.00573086	13.6614
0.0630394	0.00520987	13.7884
0.0630394	0.00473624	13.7986
0.0630394	0.00430568	13.8481
0.0630394	0.00391425	14.1203
0.0630394	0.00355841	14.366
0.0630394	0.00323492	14.7533
0.0630394	0.00294083	15.4076
0.0630394	0.00267349	17.2829
0.0630394	0.00243044	19.6733
0.0630394	0.00220949	23.8645
0.0630394	0.00200863	28.9465
0.0630394	0.00182603	33.1709
0.0630394	0.00166002	36.4294
0.0630394	0.00150911	39.0588
0.0630394	0.00137192	41.1212
0.0630394	0.0012472	43.1123
0.0630394	0.00113382	45.3954
0.0630394	0.00103074	47.4686
0.0630394	0.000937041	48.9256
0.0630394	0.000851855	50.1476
0.0630394	0.000774414	51.2383
0.0630394	0.000704013	52.1352
0.0630394	0.000640011	52.8745
0.0630394	0.000581829	53.4965
0.0630394	0.000528935	54.0347
0.0573086	0.1	151.746
0.0573086	0.0909091	141.906
0.0573086	0.0826446	135.124
0.0573086	0.0751315	130.044
0.0573086	0.0683013	126.028
0.0573086	0.0620921	122.698
0.0573086	0.0564474	109.388
0.0573086	0.0513158	74.4931
0.0573086	0.0466507	65.8033
0.0573086	0.0424098	60.7268
0.0573086	0.0385543	56.4862
0.0573086	0.0350494	52.8774
0.0573086	0.0318631	49.6601
0.0573086	0.0289664	47.1679
0.0573086	0.0263331	45.0931
0.0573086	0.0239392	43.0913
0.0573086	0.0217629	41.6185
0.0573086	0.0197845	40.42
0.0573086	0.0179859	39.1101
0.0573086	0.0163508	29.0026
0.0573086	0.0148644	19.2443
0.0573086	0.0135131	17.8023
0.0573086	0.0122846	16.8974
0.0573086	0.0111678	16.2119
0.0573086	0.0101526	15.6908
0.0573086	0.0092296	15.2826
0.0573086	0.00839055	14.9443
0.0573086	0.00762777	14.6271
0.0573086	0.00693433	14.1962
0.0573086	0.00630394	13.8625
0.0573086	0.00573086	13.8173
0.0573086	0.00520987	13.7294
0.0573086	0.00473624	13.8789
0.0573086	0.00430568	13.9062
0.0573086	0.00391425	13.9883
0.0573086	0.00355841	14.2544
0.0573086	0.00323492	14.5801
0.0573086	0.00294083	14.9723
0.0573086	0.00267349	15.6536
0.0573086	0.00243044	17.3389
0.0573086	0.00220949	20.0378
0.0573086	0.00200863	24.4377
0.0573086	0.00182603	28.8799
0.0573086	0.00166002	33.7057
0.0573086	0.00150911	37.1469
0.0573086	0.00137192	39.7764
0.0573086	0.0012472	41.6723
0.0573086	0.00113382	43.392
0.0573086	0.00103074	45.7855
0.0573086	0.000937041	47.9271
0.0573086	0.000851855	49.4081
0.0573086	0.000774414	50.5565
0.0573086	0.000704013	51.5799
0.0573086	0.000640011	52.432
0.0573086	0.000581829	53.1236
0.0573086	0.000528935	53.7092
0.0520987	0.1	166.297
0.0520987	0.0909091	152.953
0.0520987	0.0826446	144.484
0.0520987	0.0751315	138.441
0.0520987	0.0683013	133.823
0.0520987	0.0620921	130.115
0.0520987	0.0564474	127.004
0.0520987	0.0513158	109.93
0.0520987	0.0466507	73.016
0.0520987	0.0424098	65.9528
0.0520987	0.0385543	61.1516
0.0520987	0.0350494	56.9388
0.0520987	0.0318631	53.5376
0.0520987	0.0289664	50.3456
0.0520987	0.0263331	48.0504
0.0520987	0.0239392	45.8677
0.0520987	0.0217629	44.0186
0.0520987	0.0197845	42.6645
0.0520987	0.0179859	41.4605
0.0520987	0.0163508	34.9521
0.0520987	0.0148644	25.9378
0.0520987	0.0135131	18.7325
0.0520987	0.0122846	17.6094
0.0520987	0.0111678	16.795
0.0520987	0.0101526	16.1713
0.0520987	0.0092296	15.6929
0.0520987	0.00839055	15.3099
0.0520987	0.00762777	14.9779
0.0520987	0.00693433	14.63
0.0520987	0.00630394	14.1529
0.0520987	0.00573086	13.9633
0.0520987	0.00520987	13.9077
0.0520987	0.00473624	13.8078
0.0520987	0.00430568	13.9995
0.0520987	0.00391425	14.0338
0.0520987	0.00355841	14.1308
0.0520987	0.00323492	14.4427
0.0520987	0.00294083	14.7445
0.0520987	0.00267349	15.1206
0.0520987	0.00243044	15.7812
0.0520987	0.00220949	17.3698
0.0520987	0.00200863	20.0167
0.0520987	0.00182603	24.809
0.0520987	0.00166002	29.469
0.0520987	0.00150911	33.8871
0.0520987	0.00137192	37.8794
0.0520987	0.0012472	40.4206
0.0520987	0.00113382	42.2741
0.0520987	0.00103074	43.9395
0.0520987	0.000937041	46.3214
0.0520987	0.000851855	48.4224
0.0520987	0.000774414	49.8504
0.0520987	0.000704013	50.9443
0.0520987	0.000640011	51.844
0.0520987	0.000581829	52.6758
0.0520987	0.000528935	53.362
0.0473624	0.1	185.575
0.0473624	0.0909091	166.039
0.0473624	0.0826446	154.935
0.0473624	0.0751315	147.54
0.0473624	0.0683013	142.116
0.0473624	0.0620921	137.893
0.0473624	0.0564474	134.464
0.0473624	0.0513158	131.551
0.0473624	0.0466507	100.091
0.0473624	0.0424098	72.4688
0.0473624	0.0385543	66.2904
0.0473624	0.0350494	61.6313
0.0473624	0.0318631	57.5632
0.0473624	0.0289664	54.1567
0.0473624	0.0263331	51.1965
0.0473624	0.0239392	48.9528
0.0473624	0.0217629	46.7129
0.0473624	0.0197845	45.0581
0.0473624	0.0179859	43.7713
0.0473624	0.0163508	42.5293
0.0473624	0.0148644	32.1697
0.0473624	0.0135131	20.3598
0.0473624	0.0122846	18.4549
0.0473624	0.0111678	17.485
0.0473624	0.0101526	16.7373
0.0473624	0.0092296	16.1667
0.0473624	0.00839055	15.7227
0.0473624	0.00762777	15.3572
0.0473624	0.00693433	15.0179
0.0473624	0.00630394	14.6046
0.0473624	0.00573086	14.1694
0.0473624	0.00520987	14.0941
0.0473624	0.00473624	14.0038
0.0473624	0.00430568	13.8987
0.0473624	0.00391425	14.1362
0.0473624	0.00355841	14.203
0.0473624	0.00323492	14.2689
0.0473624	0.00294083	14.6562
0.0473624	0.00267349	14.9642
0.0473624	0.00243044	15.3396
0.0473624	0.00220949	15.9749
0.0473624	0.00200863	17.5468
0.0473624	0.00182603	20.1355
0.0473624	0.00166002	25.0411
0.0473624	0.00150911	29.7261
0.0473624	0.00137192	34.1437
0.0473624	0.0012472	38.385
0.0473624	0.00113382	41.0235
0.0473624	0.00103074	42.8143
0.0473624	0.000937041	44.4414
0.0473624	0.000851855	46.4423
0.0473624	0.000774414	48.3556
0.0473624	0.000704013	50.1659
0.0473624	0.000640011	51.3075
0.0473624	0.000581829	52.1615
0.0473624	0.000528935	52.9347
0.0430568	0.1	213.107
0.0430568	0.0909091	182.661
0.0430568	0.0826446	166.958
0.0430568	0.0751315	157.54
0.0430568	0.0683013	151.012
0.0430568	0.0620921	146.113
0.0430568	0.0564474	142.245
0.0430568	0.0513158	139.063
0.0430568	0.0466507	136.239
0.0430568	0.0424098	96.5521
0.0430568	0.0385543	72.5238
0.0430568	0.0350494	66.7682
0.0430568	0.0318631	62.1342
0.0430568	0.0289664	58.34
0.0430568	0.0263331	54.8075
0.0430568	0.0239392	52.1526
0.0430568	0.0217629	49.8289
0.0430568	0.0197845	47.6914
0.0430568	0.0179859	46.1898
0.0430568	0.0163508	44.913
0.0430568	0.0148644	43.6419
0.0430568	0.0135131	31.2233
0.0430568	0.0122846	19.6675
0.0430568	0.0111678	18.2952
0.0430568	0.0101526	17.4091
0.0430568	0.0092296	16.7203
0.0430568	0.00839055	16.1947
0.0430568	0.00762777	15.7782
0.0430568	0.00693433	15.4191
0.0430568	0.00630394	15.0566
0.0430568	0.00573086	14.5619
0.0430568	0.00520987	14.2757
0.0430568	0.00473624	14.2201
0.0430568	0.00430568	14.1102
0.0430568	0.00391425	14.0155
0.0430568	0.00355841	14.289
0.0430568	0.00323492	14.3835
0.0430568	0.00294083	14.4201
0.0430568	0.00267349	14.8839
0.0430568	0.00243044	15.2056
0.0430568	0.00220949	15.538
0.0430568	0.00200863	16.0199
0.0430568	0.00182603	17.855
0.0430568	0.00166002	20.7371
0.0430568	0.00150911	26.1399
0.0430568	0.00137192	30.6618
0.0430568	0.0012472	35.1749
0.0430568	0.00113382	38.989
0.0430568	0.00103074	41.5556
0.0430568	0.000937041	43.1729
0.0430568	0.000851855	44.9807
0.0430568	0.000774414	46.842
0.0430568	0.000704013	48.7186
0.0430568	0.000640011	50.5224
0.0430568	0.000581829	51.6553
0.0430568	0.000528935	52.4584
0.0391425	0.1	253.896
0.0391425	0.0909091	205.91
0.0391425	0.0826446	181.562
0.0391425	0.0751315	168.783
0.0391425	0.0683013	160.663
0.0391425	0.0620921	154.851
