1	0.1	20.2661
1	0.0833333	19.9395
1	0.0694444	19.5182
1	0.0578704	18.9583
1	0.0482253	18.2085
1	0.0401878	17.2494
1	0.0334898	16.0876
1	0.0279082	14.7591
1	0.0232568	13.3043
1	0.0193807	11.79
1	0.0161506	10.3964
1	0.0134588	9.25287
1	0.0112157	8.36974
1	0.00934639	7.74634
1	0.00778866	7.35603
1	0.00649055	7.15579
1	0.00540879	7.12623
1	0.00450732	7.22828
1	0.0037561	7.42896
1	0.00313009	7.69655
1	0.00260841	7.99909
1	0.00217367	8.29929
1	0.00181139	8.58381
1	0.00150949	8.84461
1	0.00125791	9.07007
1	0.00104826	9.25996
0.833333	0.1	22.7371
0.833333	0.0833333	22.4757
0.833333	0.0694444	22.1435
0.833333	0.0578704	21.7104
0.833333	0.0482253	21.1181
0.833333	0.0401878	20.2974
0.833333	0.0334898	19.2306
0.833333	0.0279082	17.924
0.833333	0.0232568	16.4054
0.833333	0.0193807	14.691
0.833333	0.0161506	12.8763
0.833333	0.0134588	11.2344
0.833333	0.0112157	9.90612
0.833333	0.00934639	8.86516
0.833333	0.00778866	8.1227
0.833333	0.00649055	7.63654
0.833333	0.00540879	7.36154
0.833333	0.00450732	7.28641
0.833333	0.0037561	7.36086
0.833333	0.00313009	7.54363
0.833333	0.00260841	7.80425
0.833333	0.00217367	8.09926
0.833333	0.00181139	8.38876
0.833333	0.00150949	8.66443
0.833333	0.00125791	8.91625
0.833333	0.00104826	9.13143
0.694444	0.1	25.2009
0.694444	0.0833333	24.993
0.694444	0.0694444	24.7314
0.694444	0.0578704	24.3978
0.694444	0.0482253	23.9583
0.694444	0.0401878	23.3362
0.694444	0.0334898	22.4416
0.694444	0.0279082	21.2755
0.694444	0.0232568	19.835
0.694444	0.0193807	18.1318
0.694444	0.0161506	16.1235
0.694444	0.0134588	13.99
0.694444	0.0112157	12.1112
0.694444	0.00934639	10.6066
0.694444	0.00778866	9.40996
0.694444	0.00649055	8.5445
0.694444	0.00540879	7.94955
0.694444	0.00450732	7.59623
0.694444	0.0037561	7.47203
0.694444	0.00313009	7.51635
0.694444	0.00260841	7.67895
0.694444	0.00217367	7.93214
0.694444	0.00181139	8.2134
0.694444	0.00150949	8.48758
0.694444	0.00125791	8.75254
0.694444	0.00104826	8.99212
0.578704	0.1	27.6289
0.578704	0.0833333	27.4629
0.578704	0.0694444	27.2561
0.578704	0.0578704	26.9957
0.578704	0.0482253	26.662
0.578704	0.0401878	26.2169
0.578704	0.0334898	25.5574
0.578704	0.0279082	24.5746
0.578704	0.0232568	23.3218
0.578704	0.0193807	21.7559
0.578704	0.0161506	19.8665
0.578704	0.0134588	17.5293
0.578704	0.0112157	15.0778
0.578704	0.00934639	12.9987
0.578704	0.00778866	11.3278
0.578704	0.00649055	9.99492
0.578704	0.00540879	9.00185
0.578704	0.00450732	8.28441
0.578704	0.0037561	7.85364
0.578704	0.00313009	7.67895
0.578704	0.00260841	7.68976
0.578704	0.00217367	7.83619
0.578704	0.00181139	8.07742
0.578704	0.00150949	8.33862
0.578704	0.00125791	8.59403
0.578704	0.00104826	8.84723
0.482253	0.1	30.0015
0.482253	0.0833333	29.8681
0.482253	0.0694444	29.703
0.482253	0.0578704	29.4971
0.482253	0.0482253	29.2371
0.482253	0.0401878	28.9022
0.482253	0.0334898	28.4459
0.482253	0.0279082	27.7219
0.482253	0.0232568	26.6461
0.482253	0.0193807	25.3083
0.482253	0.0161506	23.6237
0.482253	0.0134588	21.5145
0.482253	0.0112157	18.828
0.482253	0.00934639	16.0935
0.482253	0.00778866	13.8588
0.482253	0.00649055	12.0493
0.482253	0.00540879	10.6017
0.482253	0.00450732	9.46298
0.482253	0.0037561	8.63329
0.482253	0.00313009	8.1243
0.482253	0.00260841	7.90109
0.482253	0.00217367	7.87624
0.482253	0.00181139	8.01353
0.482253	0.00150949	8.23501
0.482253	0.00125791	8.47117
0.482253	0.00104826	8.70708
0.401878	0.1	32.3073
0.401878	0.0833333	32.1989
0.401878	0.0694444	32.0655
0.401878	0.0578704	31.9005
0.401878	0.0482253	31.6941
0.401878	0.0401878	31.4324
0.401878	0.0334898	31.0923
0.401878	0.0279082	30.6106
0.401878	0.0232568	29.7648
0.401878	0.0193807	28.6102
0.401878	0.0161506	27.199
0.401878	0.0134588	25.3781
0.401878	0.0112157	22.9937
0.401878	0.00934639	19.9244
0.401878	0.00778866	17.01
0.401878	0.00649055	14.6598
0.401878	0.00540879	12.7603
0.401878	0.00450732	11.1958
0.401878	0.0037561	9.89881
0.401878	0.00313009	8.97905
0.401878	0.00260841	8.39377
0.401878	0.00217367	8.12863
0.401878	0.00181139	8.07847
0.401878	0.00150949	8.20521
0.401878	0.00125791	8.3997
0.401878	0.00104826	8.60722
0.334898	0.1	34.5421
0.334898	0.0833333	34.453
0.334898	0.0694444	34.3438
0.334898	0.0578704	34.2093
0.334898	0.0482253	34.0425
0.334898	0.0401878	33.8334
0.334898	0.0334898	33.5669
0.334898	0.0279082	33.215
0.334898	0.0232568	32.6757
0.334898	0.0193807	31.681
0.334898	0.0161506	30.3958
0.334898	0.0134588	28.9368
0.334898	0.0112157	26.9399
0.334898	0.00934639	24.2661
0.334898	0.00778866	20.7576
0.334898	0.00649055	17.8509
0.334898	0.00540879	15.373
0.334898	0.00450732	13.4401
0.334898	0.0037561	11.7107
0.334898	0.00313009	10.3045
0.334898	0.00260841	9.30922
0.334898	0.00217367	8.64798
0.334898	0.00181139	8.34832
0.334898	0.00150949	8.28986
0.334898	0.00125791	8.39853
0.334898	0.00104826	8.56655
0.279082	0.1	36.7083
0.279082	0.0833333	36.6339
0.279082	0.0694444	36.5431
0.279082	0.0578704	36.4319
0.279082	0.0482253	36.2946
0.279082	0.0401878	36.124
0.279082	0.0334898	35.9094
0.279082	0.0279082	35.6339
0.279082	0.0232568	35.2604
0.279082	0.0193807	34.5998
0.279082	0.0161506	33.482
0.279082	0.0134588	31.9985
0.279082	0.0112157	30.4773
0.279082	0.00934639	28.2167
0.279082	0.00778866	25.1669
0.279082	0.00649055	21.3802
0.279082	0.00540879	18.4853
0.279082	0.00450732	16.0077
0.279082	0.0037561	14.0428
0.279082	0.00313009	12.1437
0.279082	0.00260841	10.6502
0.279082	0.00217367	9.58789
0.279082	0.00181139	8.87474
0.279082	0.00150949	8.56571
0.279082	0.00125791	8.50876
0.279082	0.00104826	8.59103
0.232568	0.1	38.8134
0.232568	0.0833333	38.7505
0.232568	0.0694444	38.6739
0.232568	0.0578704	38.5804
0.232568	0.0482253	38.4656
0.232568	0.0401878	38.3238
0.232568	0.0334898	38.1471
0.232568	0.0279082	37.9238
0.232568	0.0232568	37.6342
0.232568	0.0193807	37.223
0.232568	0.0161506	36.3401
0.232568	0.0134588	35.1025
0.232568	0.0112157	33.5086
0.232568	0.00934639	31.8209
0.232568	0.00778866	29.2314
0.232568	0.00649055	25.6185
0.232568	0.00540879	21.9947
0.232568	0.00450732	18.9576
0.232568	0.0037561	16.587
0.232568	0.00313009	14.4716
0.232568	0.00260841	12.475
0.232568	0.00217367	10.9239
0.232568	0.00181139	9.7853
0.232568	0.00150949	9.07087
0.232568	0.00125791	8.77513
0.232568	0.00104826	8.71277
0.193807	0.1	40.8694
0.193807	0.0833333	40.8156
0.193807	0.0694444	40.7502
0.193807	0.0578704	40.6705
0.193807	0.0482253	40.573
0.193807	0.0401878	40.4532
0.193807	0.0334898	40.3049
0.193807	0.0279082	40.1196
0.193807	0.0232568	39.8843
0.193807	0.0193807	39.5746
0.193807	0.0161506	39.0964
0.193807	0.0134588	37.914
0.193807	0.0112157	36.4665
0.193807	0.00934639	34.7887
0.193807	0.00778866	32.998
0.193807	0.00649055	29.9877
0.193807	0.00540879	25.7267
0.193807	0.00450732	22.5219
0.193807	0.0037561	19.3528
0.193807	0.00313009	16.9836
0.193807	0.00260841	14.7
0.193807	0.00217367	12.6457
0.193807	0.00181139	11.1199
0.193807	0.00150949	9.91553
0.193807	0.00125791	9.24341
0.193807	0.00104826	8.97351
0.161506	0.1	42.8917
0.161506	0.0833333	42.8451
0.161506	0.0694444	42.7886
0.161506	0.0578704	42.72
0.161506	0.0482253	42.6362
0.161506	0.0401878	42.5337
0.161506	0.0334898	42.4074
0.161506	0.0279082	42.2508
0.161506	0.0232568	42.0544
0.161506	0.0193807	41.8034
0.161506	0.0161506	41.4655
0.161506	0.0134588	40.8405
0.161506	0.0112157	39.3195
0.161506	0.00934639	37.4894
0.161506	0.00778866	35.7739
0.161506	0.00649055	34.0325
0.161506	0.00540879	30.4581
0.161506	0.00450732	26.1436
0.161506	0.0037561	22.8016
0.161506	0.00313009	19.5865
0.161506	0.00260841	17.277
0.161506	0.00217367	14.7766
0.161506	0.00181139	12.752
0.161506	0.00150949	11.1582
0.161506	0.00125791	9.97231
0.161506	0.00104826	9.39387
0.134588	0.1	44.8978
0.134588	0.0833333	44.8571
0.134588	0.0694444	44.8079
0.134588	0.0578704	44.7481
0.134588	0.0482253	44.6756
0.134588	0.0401878	44.5869
0.134588	0.0334898	44.4782
0.134588	0.0279082	44.344
0.134588	0.0232568	44.1773
0.134588	0.0193807	43.9674
0.134588	0.0161506	43.6974
0.134588	0.0134588	43.303
0.134588	0.0112157	42.3967
0.134588	0.00934639	40.7714
0.134588	0.00778866	38.2885
0.134588	0.00649055	36.8341
0.134588	0.00540879	35.1604
0.134588	0.00450732	30.8462
0.134588	0.0037561	26.7943
0.134588	0.00313009	23.1386
0.134588	0.00260841	19.7263
0.134588	0.00217367	17.3282
0.134588	0.00181139	14.7534
0.134588	0.00150949	12.7513
0.134588	0.00125791	11.0641
0.134588	0.00104826	10.0277
0.112157	0.1	46.9061
0.112157	0.0833333	46.8705
0.112157	0.0694444	46.8273
0.112157	0.0578704	46.7751
0.112157	0.0482253	46.7116
0.112157	0.0401878	46.6345
0.112157	0.0334898	46.5401
0.112157	0.0279082	46.4243
0.112157	0.0232568	46.2812
0.112157	0.0193807	46.1029
0.112157	0.0161506	45.8774
0.112157	0.0134588	45.5843
0.112157	0.0112157	44.9596
0.112157	0.00934639	43.6191
0.112157	0.00778866	41.7677
0.112157	0.00649055	39.0092
0.112157	0.00540879	37.5788
0.112157	0.00450732	35.9479
0.112157	0.0037561	31.2977
0.112157	0.00313009	28.0372
0.112157	0.00260841	23.7336
0.112157	0.00217367	19.8447
0.112157	0.00181139	17.2323
0.112157	0.00150949	14.7103
0.112157	0.00125791	12.6098
0.112157	0.00104826	10.964
0.0934639	0.1	48.9356
0.0934639	0.0833333	48.9042
0.0934639	0.0694444	48.8663
0.0934639	0.0578704	48.8205
0.0934639	0.0482253	48.7649
0.0934639	0.0401878	48.6973
0.0934639	0.0334898	48.6152
0.0934639	0.0279082	48.5145
0.0934639	0.0232568	48.3909
0.0934639	0.0193807	48.2379
0.0934639	0.0161506	48.0466
0.0934639	0.0134588	47.804
0.0934639	0.0112157	47.4448
0.0934639	0.00934639	46.4583
0.0934639	0.00778866	44.8269
0.0934639	0.00649055	42.539
0.0934639	0.00540879	40.4138
0.0934639	0.00450732	38.425
0.0934639	0.0037561	36.7193
0.0934639	0.00313009	32.5807
0.0934639	0.00260841	29.1043
0.0934639	0.00217367	24.4256
0.0934639	0.00181139	19.9181
0.0934639	0.00150949	17.5297
0.0934639	0.00125791	14.5804
0.0934639	0.00104826	12.5031
0.0778866	0.1	51.0045
0.0778866	0.0833333	50.9769
0.0778866	0.0694444	50.9436
0.0778866	0.0578704	50.9033
0.0778866	0.0482253	50.8546
0.0778866	0.0401878	50.7955
0.0778866	0.0334898	50.7235
0.0778866	0.0279082	50.6361
0.0778866	0.0232568	50.5288
0.0778866	0.0193807	50.3969
0.0778866	0.0161506	50.2334
0.0778866	0.0134588	50.0284
0.0778866	0.0112157	49.7673
0.0778866	0.00934639	48.9487
0.0778866	0.00778866	47.794
0.0778866	0.00649055	45.3627
0.0778866	0.00540879	43.3846
0.0778866	0.00450732	41.306
0.0778866	0.0037561	39.2875
0.0778866	0.00313009	37.4582
0.0778866	0.00260841	35.2611
0.0778866	0.00217367	30.3409
0.0778866	0.00181139	25.1888
0.0778866	0.00150949	20.3931
0.0778866	0.00125791	17.6452
0.0778866	0.00104826	14.4995
0.0649055	0.1	53.1304
0.0649055	0.0833333	53.1061
0.0649055	0.0694444	53.077
0.0649055	0.0578704	53.0416
0.0649055	0.0482253	52.999
0.0649055	0.0401878	52.9473
0.0649055	0.0334898	52.8845
0.0649055	0.0279082	52.8082
0.0649055	0.0232568	52.7153
0.0649055	0.0193807	52.6013
0.0649055	0.0161506	52.4609
0.0649055	0.0134588	52.2865
0.0649055	0.0112157	52.0676
0.0649055	0.00934639	51.7525
0.0649055	0.00778866	50.3073
0.0649055	0.00649055	48.5272
0.0649055	0.00540879	45.7349
0.0649055	0.00450732	44.3488
0.0649055	0.0037561	42.5473
0.0649055	0.00313009	39.7651
0.0649055	0.00260841	38.4617
0.0649055	0.00217367	36.196
0.0649055	0.00181139	31.1471
0.0649055	0.00150949	26.4985
0.0649055	0.00125791	21.3531
0.0649055	0.00104826	17.7839
0.0540879	0.1	55.3298
0.0540879	0.0833333	55.3085
0.0540879	0.0694444	55.2829
0.0540879	0.0578704	55.2522
0.0540879	0.0482253	55.2149
0.0540879	0.0401878	55.1698
0.0540879	0.0334898	55.1152
0.0540879	0.0279082	55.0489
0.0540879	0.0232568	54.9682
0.0540879	0.0193807	54.87
0.0540879	0.0161506	54.7493
0.0540879	0.0134588	54.6006
0.0540879	0.0112157	54.4156
0.0540879	0.00934639	54.1831
0.0540879	0.00778866	53.0176
0.0540879	0.00649055	51.8879
0.0540879	0.00540879	49.1201
0.0540879	0.00450732	46.215
0.0540879	0.0037561	44.8329
0.0540879	0.00313009	43.2953
0.0540879	0.00260841	40.3776
0.0540879	0.00217367	39.537
0.0540879	0.00181139	36.9409
0.0540879	0.00150949	33.9839
0.0540879	0.00125791	27.8625
0.0540879	0.00104826	22.7323
0.0450732	0.1	57.6178
0.0450732	0.0833333	57.5992
0.0450732	0.0694444	57.5769
0.0450732	0.0578704	57.55
0.0450732	0.0482253	57.5178
0.0450732	0.0401878	57.4786
0.0450732	0.0334898	57.4313
0.0450732	0.0279082	57.374
0.0450732	0.0232568	57.3043
0.0450732	0.0193807	57.2195
0.0450732	0.0161506	57.1163
0.0450732	0.0134588	56.9892
0.0450732	0.0112157	56.8326
0.0450732	0.00934639	56.6377
0.0450732	0.00778866	56.3913
0.0450732	0.00649055	54.3523
0.0450732	0.00540879	53.2086
0.0450732	0.00450732	48.4287
0.0450732	0.0037561	47.1874
0.0450732	0.00313009	45.9867
0.0450732	0.00260841	44.5672
0.0450732	0.00217367	43.322
0.0450732	0.00181139	40.1737
0.0450732	0.00150949	37.9002
0.0450732	0.00125791	35.442
0.0450732	0.00104826	29.6565
0.037561	0.1	60.008
0.037561	0.0833333	59.9919
0.037561	0.0694444	59.9726
0.037561	0.0578704	59.9494
0.037561	0.0482253	59.9213
0.037561	0.0401878	59.8877
0.037561	0.0334898	59.8469
0.037561	0.0279082	59.7975
0.037561	0.0232568	59.7377
0.037561	0.0193807	59.6651
0.037561	0.0161506	59.5765
0.037561	0.0134588	59.4687
0.037561	0.0112157	59.336
0.037561	0.00934639	59.1723
0.037561	0.00778866	58.9684
0.037561	0.00649055	57.9263
0.037561	0.00540879	55.7549
0.037561	0.00450732	53.9849
0.037561	0.0037561	48.6892
0.037561	0.00313009	47.3207
0.037561	0.00260841	46.2006
0.037561	0.00217367	45.669
0.037561	0.00181139	44.1385
0.037561	0.00150949	40.9152
0.037561	0.00125791	38.8869
0.037561	0.00104826	36.1328
0.0313009	0.1	62.5124
0.0313009	0.0833333	62.4986
0.0313009	0.0694444	62.482
0.0313009	0.0578704	62.462
0.0313009	0.0482253	62.438
0.0313009	0.0401878	62.4089
0.0313009	0.0334898	62.3739
0.0313009	0.0279082	62.3319
0.0313009	0.0232568	62.2808
0.0313009	0.0193807	62.2188
0.0313009	0.0161506	62.1436
0.0313009	0.0134588	62.0519
0.0313009	0.0112157	61.9401
0.0313009	0.00934639	61.8026
0.0313009	0.00778866	61.6329
0.0313009	0.00649055	61.4213
0.0313009	0.00540879	59.0581
0.0313009	0.00450732	57.1704
0.0313009	0.0037561	54.5818
0.0313009	0.00313009	49.3539
0.0313009	0.00260841	48.175
0.0313009	0.00217367	46.9237
0.0313009	0.00181139	46.3333
0.0313009	0.00150949	44.8669
0.0313009	0.00125791	43.4057
0.0313009	0.00104826	39.8544
0.0260841	0.1	65.1406
0.0260841	0.0833333	65.1288
0.0260841	0.0694444	65.1146
0.0260841	0.0578704	65.0976
0.0260841	0.0482253	65.0771
0.0260841	0.0401878	65.0524
0.0260841	0.0334898	65.0225
0.0260841	0.0279082	64.9866
0.0260841	0.0232568	64.9434
0.0260841	0.0193807	64.8909
0.0260841	0.0161506	64.8273
0.0260841	0.0134588	64.75
0.0260841	0.0112157	64.6558
0.0260841	0.00934639	64.541
0.0260841	0.00778866	64.3997
0.0260841	0.00649055	64.2252
0.0260841	0.00540879	64.0078
0.0260841	0.00450732	60.0105
0.0260841	0.0037561	58.8306
0.0260841	0.00313009	53.9582
0.0260841	0.00260841	50.3405
0.0260841	0.00217367	49.3793
0.0260841	0.00181139	48.6306
0.0260841	0.00150949	47.5622
0.0260841	0.00125791	45.7223
0.0260841	0.00104826	43.8586
0.0217367	0.1	67.899
0.0217367	0.0833333	67.889
0.0217367	0.0694444	67.877
0.0217367	0.0578704	67.8626
0.0217367	0.0482253	67.8453
0.0217367	0.0401878	67.8244
0.0217367	0.0334898	67.7992
0.0217367	0.0279082	67.7689
0.0217367	0.0232568	67.7322
0.0217367	0.0193807	67.6879
0.0217367	0.0161506	67.6348
0.0217367	0.0134588	67.57
0.0217367	0.0112157	67.4913
0.0217367	0.00934639	67.3954
0.0217367	0.00778866	67.2784
0.0217367	0.00649055	67.1346
0.0217367	0.00540879	66.957
0.0217367	0.00450732	66.7354
0.0217367	0.0037561	61.784
0.0217367	0.00313009	60.6378
0.0217367	0.00260841	54.6236
0.0217367	0.00217367	50.903
0.0217367	0.00181139	50.0173
0.0217367	0.00150949	49.7804
0.0217367	0.00125791	49.2632
0.0217367	0.00104826	47.2734
0.0181139	0.1	70.7901
0.0181139	0.0833333	70.7817
0.0181139	0.0694444	70.7717
0.0181139	0.0578704	70.7596
0.0181139	0.0482253	70.745
0.0181139	0.0401878	70.7275
0.0181139	0.0334898	70.7064
0.0181139	0.0279082	70.681
0.0181139	0.0232568	70.6504
0.0181139	0.0193807	70.6134
0.0181139	0.0161506	70.5687
0.0181139	0.0134588	70.515
0.0181139	0.0112157	70.4497
0.0181139	0.00934639	70.3702
0.0181139	0.00778866	70.2735
0.0181139	0.00649055	70.1555
0.0181139	0.00540879	70.0104
0.0181139	0.00450732	69.8314
0.0181139	0.0037561	68.5581
0.0181139	0.00313009	62.8909
0.0181139	0.00260841	62.6311
0.0181139	0.00217367	55.1152
0.0181139	0.00181139	51.0653
0.0181139	0.00150949	51.0378
0.0181139	0.00125791	51.0014
0.0181139	0.00104826	50.2882
0.0150949	0.1	73.8113
0.0150949	0.0833333	73.8043
0.0150949	0.0694444	73.796
0.0150949	0.0578704	73.7859
0.0150949	0.0482253	73.7738
0.0150949	0.0401878	73.7592
0.0150949	0.0334898	73.7417
0.0150949	0.0279082	73.7206
0.0150949	0.0232568	73.6952
0.0150949	0.0193807	73.6646
0.0150949	0.0161506	73.6276
0.0150949	0.0134588	73.5829
0.0150949	0.0112157	73.5293
0.0150949	0.00934639	73.4639
0.0150949	0.00778866	73.3845
0.0150949	0.00649055	73.2879
0.0150949	0.00540879	73.17
0.0150949	0.00450732	73.0252
0.0150949	0.0037561	72.8465
0.0150949	0.00313009	67.6909
0.0150949	0.00260841	65.6223
0.0150949	0.00217367	64.1398
0.0150949	0.00181139	56.8866
0.0150949	0.00150949	52.5357
0.0150949	0.00125791	52.5093
0.0150949	0.00104826	52.3662
0.0125791	0.1	76.9542
0.0125791	0.0833333	76.9485
0.0125791	0.0694444	76.9416
0.0125791	0.0578704	76.9333
0.0125791	0.0482253	76.9233
0.0125791	0.0401878	76.9113
0.0125791	0.0334898	76.8969
0.0125791	0.0279082	76.8795
0.0125791	0.0232568	76.8587
0.0125791	0.0193807	76.8335
0.0125791	0.0161506	76.8032
0.0125791	0.0134588	76.7666
0.0125791	0.0112157	76.7224
0.0125791	0.00934639	76.6688
0.0125791	0.00778866	76.6046
0.0125791	0.00649055	76.5261
0.0125791	0.00540879	76.4305
0.0125791	0.00450732	76.314
0.0125791	0.0037561	76.1709
0.0125791	0.00313009	75.9946
0.0125791	0.00260841	72.7748
0.0125791	0.00217367	69.1803
0.0125791	0.00181139	66.9261
0.0125791	0.00150949	57.9731
0.0125791	0.00125791	53.6732
0.0125791	0.00104826	53.6426
0.0104826	0.1	80.2045
0.0104826	0.0833333	80.1998
0.0104826	0.0694444	80.1942
0.0104826	0.0578704	80.1874
0.0104826	0.0482253	80.1793
0.0104826	0.0401878	80.1695
0.0104826	0.0334898	80.1578
0.0104826	0.0279082	80.1437
0.0104826	0.0232568	80.1267
0.0104826	0.0193807	80.1062
0.0104826	0.0161506	80.0816
0.0104826	0.0134588	80.0519
0.0104826	0.0112157	80.016
0.0104826	0.00934639	79.9727
0.0104826	0.00778866	79.9203
0.0104826	0.00649055	79.8574
0.0104826	0.00540879	79.7806
0.0104826	0.00450732	79.6871
0.0104826	0.0037561	79.5732
0.0104826	0.00313009	79.4334
0.0104826	0.00260841	79.2613
0.0104826	0.00217367	79.0477
0.0104826	0.00181139	71.4794
0.0104826	0.00150949	68.594
0.0104826	0.00125791	60.2523
0.0104826	0.00104826	55.4314
